日期,公司名,公司code,开盘价,最高价,最低价,收盘价,涨跌额,涨跌幅(%),成交量(手),成交金额(万元),振幅(%),换手率(%)
2017-04-26,中鼎股份,1000887,22.60,22.94,21.91,22.19,-0.24,-1.07,"223,173","49,794",4.59,2.00
2017-04-25,中鼎股份,1000887,22.94,23.09,22.16,22.43,-0.52,-2.27,"119,010","26,875",4.05,1.07
2017-04-24,中鼎股份,1000887,23.35,23.36,22.70,22.95,-0.12,-0.52,"101,887","23,521",2.86,0.91
2017-04-21,中鼎股份,1000887,22.85,23.52,22.85,23.07,0.27,1.18,"91,501","21,243",2.94,0.82
2017-04-20,中鼎股份,1000887,22.74,23.02,22.57,22.80,0.10,0.44,"103,422","23,574",1.98,0.93
2017-04-19,中鼎股份,1000887,22.83,22.92,22.04,22.70,-0.26,-1.13,"157,539","35,339",3.83,1.41
2017-04-18,中鼎股份,1000887,23.10,23.47,22.40,22.96,-0.12,-0.52,"251,419","57,792",4.64,2.25
2017-04-17,中鼎股份,1000887,25.85,25.90,23.08,23.08,-2.56,-9.98,"565,165","133,279",11.00,5.07
2017-04-14,中鼎股份,1000887,27.41,27.80,25.45,25.64,-1.63,-5.98,"248,883","65,281",8.62,2.23
2017-04-13,中鼎股份,1000887,27.53,28.14,27.01,27.27,-0.27,-0.98,"112,669","30,779",4.10,1.01
2017-04-12,中鼎股份,1000887,27.89,28.45,27.22,27.54,-0.31,-1.11,"186,375","51,762",4.42,1.67
2017-04-11,中鼎股份,1000887,26.51,27.93,26.51,27.85,1.09,4.07,"233,341","63,975",5.31,2.09
2017-04-10,中鼎股份,1000887,26.91,27.21,26.50,26.76,-0.09,-0.34,"132,931","35,582",2.64,1.19
2017-04-07,中鼎股份,1000887,26.70,28.10,26.38,26.85,0.09,0.34,"243,802","65,338",6.43,2.19
2017-04-06,中鼎股份,1000887,26.38,26.95,26.26,26.76,0.24,0.91,"223,467","59,641",2.60,2.00
2017-04-05,中鼎股份,1000887,24.65,26.57,24.65,26.52,1.94,7.89,"394,020","102,899",7.81,3.53
2017-03-31,中鼎股份,1000887,23.42,24.61,23.40,24.58,1.02,4.33,"157,241","37,897",5.14,1.41
2017-03-30,中鼎股份,1000887,23.87,23.87,23.24,23.56,-0.16,-0.67,"82,978","19,477",2.66,0.74
2017-03-29,中鼎股份,1000887,23.90,23.90,23.51,23.72,-0.13,-0.55,"78,025","18,498",1.64,0.70
2017-03-28,中鼎股份,1000887,23.90,24.02,23.73,23.85,-0.05,-0.21,"91,466","21,824",1.21,0.82
2017-03-27,中鼎股份,1000887,23.68,23.98,23.50,23.90,0.21,0.89,"108,275","25,780",2.03,0.97
2017-03-24,中鼎股份,1000887,23.23,23.81,23.01,23.69,0.47,2.02,"110,149","25,922",3.45,0.99
2017-03-23,中鼎股份,1000887,23.40,23.57,23.11,23.22,-0.19,-0.81,"74,885","17,473",1.97,0.67
2017-03-22,中鼎股份,1000887,23.79,23.79,23.20,23.41,-0.39,-1.64,"99,618","23,362",2.48,0.89
2017-03-21,中鼎股份,1000887,23.86,24.20,23.64,23.80,-0.05,-0.21,"102,080","24,327",2.35,0.92
2017-03-20,中鼎股份,1000887,24.04,24.25,23.78,23.85,-0.30,-1.24,"96,690","23,190",1.95,0.87
2017-03-17,中鼎股份,1000887,24.27,24.63,24.08,24.15,-0.10,-0.41,"87,402","21,305",2.27,0.78
2017-03-16,中鼎股份,1000887,24.20,24.34,24.00,24.25,-0.08,-0.33,"123,660","29,882",1.40,1.11
2017-03-15,中鼎股份,1000887,24.05,24.40,23.90,24.33,0.38,1.59,"108,391","26,174",2.09,0.97
2017-03-14,中鼎股份,1000887,24.75,24.77,23.90,23.95,-0.70,-2.84,"164,892","39,985",3.53,1.48
2017-03-13,中鼎股份,1000887,25.01,25.01,24.51,24.65,-0.38,-1.52,"148,778","36,727",2.00,1.33
2017-03-10,中鼎股份,1000887,25.38,25.67,25.01,25.03,-0.37,-1.46,"111,714","28,194",2.60,1.00
2017-03-09,中鼎股份,1000887,24.86,25.50,24.86,25.40,0.41,1.64,"89,032","22,516",2.56,0.80
2017-03-08,中鼎股份,1000887,25.18,25.32,24.85,24.99,-0.04,-0.16,"85,472","21,374",1.88,0.77
2017-03-07,中鼎股份,1000887,24.38,25.19,24.20,25.03,0.81,3.34,"192,376","47,991",4.09,1.72
2017-03-06,中鼎股份,1000887,24.09,24.40,23.99,24.22,0.24,1.00,"104,735","25,419",1.71,0.94
2017-03-03,中鼎股份,1000887,24.20,24.29,23.95,23.98,-0.28,-1.15,"113,495","27,373",1.40,1.02
2017-03-02,中鼎股份,1000887,23.80,24.33,23.70,24.26,0.57,2.41,"186,122","44,842",2.66,1.67
2017-03-01,中鼎股份,1000887,23.65,23.76,23.61,23.69,-0.07,-0.29,"55,457","13,128",0.63,0.50
2017-02-28,中鼎股份,1000887,23.61,23.88,23.52,23.76,0.13,0.55,"57,215","13,567",1.52,0.51
2017-02-27,中鼎股份,1000887,23.75,23.81,23.51,23.63,-0.16,-0.67,"53,189","12,567",1.26,0.48
2017-02-24,中鼎股份,1000887,23.75,23.83,23.41,23.79,-0.09,-0.38,"68,580","16,223",1.76,0.61
2017-02-23,中鼎股份,1000887,23.97,23.97,23.37,23.88,-0.11,-0.46,"96,474","22,850",2.50,0.86
2017-02-22,中鼎股份,1000887,24.06,24.17,23.75,23.99,-0.20,-0.83,"112,163","26,834",1.74,1.01
2017-02-21,中鼎股份,1000887,24.21,24.35,24.01,24.19,-0.01,-0.04,"90,223","21,779",1.41,0.81
2017-02-20,中鼎股份,1000887,24.65,24.72,24.00,24.20,-0.45,-1.83,"163,847","39,783",2.92,1.47
2017-02-17,中鼎股份,1000887,23.75,24.67,23.60,24.65,0.77,3.22,"187,040","45,285",4.48,1.68
2017-02-16,中鼎股份,1000887,23.61,24.02,23.35,23.88,0.08,0.34,"178,094","42,229",2.82,1.60
2017-02-15,中鼎股份,1000887,23.99,24.75,23.35,23.80,-2.14,-8.25,"487,764","117,247",5.40,4.37
2017-09-29,中鼎股份,1000887,21.08,21.16,20.71,20.85,-0.24,-1.14,"94,440","19,678",2.13,0.78
2017-09-28,中鼎股份,1000887,21.00,21.33,20.92,21.09,-0.04,-0.19,"83,774","17,719",1.94,0.69
2017-09-27,中鼎股份,1000887,20.77,21.26,20.77,21.13,0.33,1.59,"101,021","21,334",2.36,0.83
2017-09-26,中鼎股份,1000887,20.77,21.00,20.60,20.80,0.04,0.19,"56,601","11,773",1.93,0.47
2017-09-25,中鼎股份,1000887,20.98,21.15,20.67,20.76,-0.29,-1.38,"77,270","16,121",2.28,0.64
2017-09-22,中鼎股份,1000887,21.10,21.14,20.60,21.05,-0.07,-0.33,"110,801","23,085",2.56,0.91
2017-09-21,中鼎股份,1000887,21.47,21.50,21.10,21.12,-0.44,-2.04,"107,653","22,847",1.86,0.89
2017-09-20,中鼎股份,1000887,21.53,21.65,21.18,21.56,0.06,0.28,"111,528","23,866",2.19,0.92
2017-09-19,中鼎股份,1000887,21.75,22.07,21.41,21.50,-0.20,-0.92,"187,302","40,614",3.04,1.54
2017-09-18,中鼎股份,1000887,21.15,21.85,21.05,21.70,0.74,3.53,"237,500","51,340",3.82,1.96
2017-09-15,中鼎股份,1000887,20.72,21.15,20.48,20.96,0.22,1.06,"175,251","36,599",3.23,1.44
2017-09-14,中鼎股份,1000887,20.90,21.13,20.35,20.74,-0.24,-1.14,"196,225","40,537",3.72,1.62
2017-09-13,中鼎股份,1000887,20.90,21.33,20.81,20.98,0.05,0.24,"183,672","38,689",2.48,1.51
2017-09-12,中鼎股份,1000887,20.98,21.32,20.71,20.93,0.19,0.92,"258,234","54,317",2.94,2.13
2017-09-11,中鼎股份,1000887,20.20,20.88,20.10,20.74,0.66,3.29,"192,481","39,663",3.88,1.58
2017-09-08,中鼎股份,1000887,20.20,20.38,19.80,20.08,-0.22,-1.08,"113,910","22,800",2.86,0.94
2017-09-07,中鼎股份,1000887,20.03,20.48,19.91,20.30,0.16,0.79,"228,766","46,188",2.83,1.88
2017-09-06,中鼎股份,1000887,19.05,20.37,18.93,20.14,1.09,5.72,"317,383","62,355",7.56,2.61
2017-09-05,中鼎股份,1000887,19.08,19.20,18.92,19.05,0.03,0.16,"98,843","18,809",1.47,0.81
2017-09-04,中鼎股份,1000887,19.16,19.18,18.92,19.02,-0.11,-0.58,"130,481","24,791",1.36,1.07
2017-09-01,中鼎股份,1000887,19.30,19.30,18.97,19.13,-0.14,-0.73,"137,322","26,218",1.71,1.13
2017-08-31,中鼎股份,1000887,18.94,19.30,18.86,19.27,0.37,1.96,"166,979","31,860",2.33,1.37
2017-08-30,中鼎股份,1000887,18.50,19.24,18.50,18.90,0.40,2.16,"206,777","39,161",4.00,1.70
2017-08-29,中鼎股份,1000887,18.73,18.74,18.48,18.50,-0.11,-0.59,"76,564","14,263",1.40,0.63
2017-08-28,中鼎股份,1000887,18.48,18.75,18.44,18.61,0.16,0.87,"126,729","23,606",1.68,1.04
2017-08-25,中鼎股份,1000887,18.20,18.47,18.17,18.45,0.21,1.15,"56,428","10,369",1.64,0.46
2017-08-24,中鼎股份,1000887,18.37,18.37,18.20,18.24,-0.06,-0.33,"39,681","7,248",0.93,0.33
2017-08-23,中鼎股份,1000887,18.59,18.59,18.21,18.30,-0.27,-1.45,"83,542","15,347",2.05,0.69
2017-08-22,中鼎股份,1000887,18.50,18.62,18.35,18.57,0.08,0.43,"102,995","19,076",1.46,0.85
2017-08-21,中鼎股份,1000887,18.69,18.69,18.40,18.49,-0.19,-1.02,"92,438","17,099",1.55,0.76
2017-08-18,中鼎股份,1000887,18.60,18.75,18.48,18.68,0.01,0.05,"83,538","15,529",1.45,0.69
2017-08-17,中鼎股份,1000887,18.62,18.91,18.51,18.67,0.07,0.38,"131,828","24,610",2.15,1.09
2017-08-16,中鼎股份,1000887,18.50,18.83,18.49,18.60,0.12,0.65,"82,427","15,377",1.84,0.68
2017-08-15,中鼎股份,1000887,18.44,18.56,18.37,18.48,0.08,0.43,"59,850","11,059",1.03,0.49
2017-08-14,中鼎股份,1000887,18.21,18.56,18.08,18.40,0.20,1.10,"81,967","15,073",2.64,0.67
2017-08-11,中鼎股份,1000887,18.68,18.69,18.10,18.20,-0.50,-2.67,"129,695","23,764",3.16,1.07
2017-08-10,中鼎股份,1000887,18.89,18.98,18.67,18.70,-0.30,-1.58,"70,064","13,156",1.63,0.58
2017-08-09,中鼎股份,1000887,18.75,19.09,18.63,19.00,0.25,1.33,"82,087","15,464",2.45,0.68
2017-08-08,中鼎股份,1000887,19.07,19.07,18.70,18.75,-0.29,-1.52,"104,585","19,727",1.94,0.86
2017-08-07,中鼎股份,1000887,19.20,19.25,18.83,19.04,-0.16,-0.83,"92,049","17,478",2.19,0.76
2017-08-04,中鼎股份,1000887,19.43,19.45,19.14,19.20,-0.16,-0.83,"107,472","20,673",1.60,0.88
2017-08-03,中鼎股份,1000887,19.50,19.62,19.29,19.36,-0.14,-0.72,"80,459","15,605",1.69,0.66
2017-08-02,中鼎股份,1000887,19.32,19.84,19.22,19.50,0.21,1.09,"158,819","31,107",3.21,1.31
2017-08-01,中鼎股份,1000887,19.10,19.40,19.02,19.29,0.19,0.99,"93,989","18,042",1.99,0.77
2017-07-31,中鼎股份,1000887,19.37,19.43,19.07,19.10,-0.25,-1.29,"98,580","18,908",1.86,0.81
2017-07-28,中鼎股份,1000887,19.28,19.35,19.01,19.35,0.16,0.83,"106,428","20,438",1.77,0.88
2017-07-27,中鼎股份,1000887,18.74,19.29,18.62,19.19,0.43,2.29,"140,210","26,671",3.57,1.15
2017-07-26,中鼎股份,1000887,18.90,19.00,18.43,18.76,-0.23,-1.21,"109,918","20,508",3.00,0.90
2017-07-25,中鼎股份,1000887,19.18,19.19,18.88,18.99,-0.20,-1.04,"104,060","19,782",1.62,0.86
2017-07-24,中鼎股份,1000887,19.11,19.24,18.88,19.19,0.08,0.42,"104,599","19,944",1.88,0.86
2017-07-21,中鼎股份,1000887,19.10,19.47,18.96,19.11,0.01,0.05,"126,236","24,188",2.67,1.04
2017-07-20,中鼎股份,1000887,18.91,19.80,18.82,19.10,0.20,1.06,"198,357","38,488",5.19,1.63
2017-07-19,中鼎股份,1000887,18.39,18.96,18.20,18.90,0.58,3.17,"237,440","44,279",4.15,1.95
2017-07-18,中鼎股份,1000887,17.70,18.44,17.70,18.32,0.13,0.71,"286,387","52,047",4.07,2.36
2017-07-17,中鼎股份,1000887,17.89,19.17,17.89,18.19,-1.69,-8.50,"626,718","114,900",6.44,5.16
2017-07-14,中鼎股份,1000887,19.88,20.19,19.88,19.88,-2.21,-10.00,"297,909","59,247",1.40,2.45
2017-12-29,中鼎股份,1000887,17.98,18.19,17.84,18.17,0.17,0.94,"66,809","12,077",1.94,0.55
2017-12-28,中鼎股份,1000887,17.90,18.07,17.69,18.00,0.09,0.50,"118,493","21,211",2.12,0.97
2017-12-27,中鼎股份,1000887,16.93,18.20,16.93,17.91,1.00,5.91,"209,004","37,102",7.51,1.71
2017-12-26,中鼎股份,1000887,16.75,16.96,16.61,16.91,0.18,1.08,"49,232","8,279",2.09,0.40
2017-12-25,中鼎股份,1000887,16.88,16.99,16.50,16.73,-0.18,-1.06,"47,549","7,938",2.90,0.39
2017-12-22,中鼎股份,1000887,16.90,16.96,16.82,16.91,-0.01,-0.06,"26,133","4,415",0.83,0.21
2017-12-21,中鼎股份,1000887,16.97,16.98,16.71,16.92,-0.05,-0.29,"38,702","6,523",1.59,0.32
2017-12-20,中鼎股份,1000887,17.20,17.28,16.81,16.97,-0.22,-1.28,"45,240","7,677",2.73,0.37
2017-12-19,中鼎股份,1000887,16.89,17.28,16.85,17.19,0.31,1.84,"47,543","8,153",2.55,0.39
2017-12-18,中鼎股份,1000887,17.08,17.15,16.68,16.88,-0.18,-1.06,"51,124","8,647",2.76,0.42
2017-12-15,中鼎股份,1000887,17.22,17.24,16.95,17.06,-0.16,-0.93,"35,185","5,998",1.68,0.29
2017-12-14,中鼎股份,1000887,17.18,17.22,17.05,17.22,0.11,0.64,"25,837","4,425",0.99,0.21
2017-12-13,中鼎股份,1000887,17.22,17.22,17.02,17.11,-0.10,-0.58,"29,889","5,108",1.16,0.24
2017-12-12,中鼎股份,1000887,17.06,17.26,17.02,17.21,0.15,0.88,"59,398","10,209",1.41,0.49
2017-12-11,中鼎股份,1000887,17.02,17.20,16.95,17.06,0.05,0.29,"52,773","9,026",1.47,0.43
2017-12-08,中鼎股份,1000887,16.68,17.14,16.66,17.01,0.37,2.22,"68,220","11,531",2.88,0.56
2017-12-07,中鼎股份,1000887,16.75,16.79,16.55,16.64,-0.11,-0.66,"52,157","8,692",1.43,0.43
2017-12-06,中鼎股份,1000887,16.77,16.77,16.40,16.75,0.25,1.52,"111,238","18,499",2.24,0.91
2017-12-05,中鼎股份,1000887,17.35,17.39,16.40,16.50,-0.91,-5.23,"148,077","24,836",5.69,1.21
2017-12-04,中鼎股份,1000887,18.01,18.09,17.32,17.41,-0.60,-3.33,"97,064","17,143",4.28,0.80
2017-12-01,中鼎股份,1000887,17.99,18.10,17.90,18.01,0.01,0.06,"48,746","8,771",1.11,0.40
2017-11-30,中鼎股份,1000887,18.01,18.15,17.87,18.00,-0.03,-0.17,"53,083","9,543",1.55,0.44
2017-11-29,中鼎股份,1000887,18.13,18.35,17.90,18.03,-0.12,-0.66,"51,341","9,260",2.48,0.42
2017-11-28,中鼎股份,1000887,18.07,18.25,17.91,18.15,0.08,0.44,"50,894","9,183",1.88,0.42
2017-11-27,中鼎股份,1000887,18.09,18.36,17.94,18.07,-0.01,-0.06,"44,520","8,054",2.32,0.36
2017-11-24,中鼎股份,1000887,18.06,18.20,17.86,18.08,0.13,0.72,"48,119","8,659",1.89,0.39
2017-11-23,中鼎股份,1000887,18.60,18.69,17.88,17.95,-0.65,-3.49,"73,581","13,357",4.35,0.60
2017-11-22,中鼎股份,1000887,18.30,18.78,18.30,18.60,0.25,1.36,"80,269","14,933",2.62,0.66
2017-11-21,中鼎股份,1000887,18.23,18.67,18.23,18.35,-0.04,-0.22,"76,237","14,062",2.39,0.62
2017-11-20,中鼎股份,1000887,18.15,18.45,17.98,18.39,0.41,2.28,"78,048","14,254",2.61,0.64
2017-11-17,中鼎股份,1000887,18.24,18.47,17.98,17.98,-0.19,-1.05,"95,516","17,416",2.70,0.78
2017-11-16,中鼎股份,1000887,18.35,18.45,18.13,18.17,-0.14,-0.76,"73,177","13,362",1.75,0.60
2017-11-15,中鼎股份,1000887,18.80,18.85,18.20,18.31,-0.53,-2.81,"141,953","26,212",3.45,1.16
2017-11-14,中鼎股份,1000887,19.39,19.53,18.75,18.84,-0.55,-2.84,"120,484","22,882",4.02,0.99
2017-11-13,中鼎股份,1000887,19.57,19.65,19.28,19.39,-0.21,-1.07,"85,512","16,618",1.89,0.70
2017-11-10,中鼎股份,1000887,18.79,19.66,18.68,19.60,0.80,4.26,"177,486","34,207",5.21,1.45
2017-11-09,中鼎股份,1000887,18.72,18.90,18.68,18.80,0.06,0.32,"46,565","8,749",1.17,0.38
2017-11-08,中鼎股份,1000887,18.70,18.95,18.55,18.74,0.10,0.54,"64,547","12,144",2.15,0.53
2017-11-07,中鼎股份,1000887,18.80,18.96,18.43,18.64,-0.32,-1.69,"142,790","26,591",2.80,1.17
2017-11-06,中鼎股份,1000887,19.00,19.21,18.72,18.96,0.05,0.26,"57,117","10,795",2.59,0.47
2017-11-03,中鼎股份,1000887,18.98,19.12,18.83,18.91,0.03,0.16,"49,190","9,331",1.54,0.40
2017-11-02,中鼎股份,1000887,19.00,19.14,18.72,18.88,-0.11,-0.58,"55,100","10,416",2.21,0.45
2017-11-01,中鼎股份,1000887,19.58,19.58,18.88,18.99,-0.59,-3.01,"171,625","32,840",3.58,1.41
2017-10-31,中鼎股份,1000887,19.80,19.80,19.46,19.58,-0.47,-2.34,"108,954","21,350",1.70,0.89
2017-10-30,中鼎股份,1000887,19.91,20.15,19.42,20.05,0.14,0.70,"80,173","15,858",3.67,0.66
2017-10-27,中鼎股份,1000887,20.13,20.28,19.89,19.91,-0.31,-1.53,"50,326","10,080",1.93,0.41
2017-10-26,中鼎股份,1000887,20.01,20.36,19.83,20.22,0.22,1.10,"76,175","15,367",2.65,0.62
2017-10-25,中鼎股份,1000887,20.10,20.17,19.93,20.00,-0.17,-0.84,"47,248","9,460",1.19,0.39
2017-10-24,中鼎股份,1000887,19.93,20.30,19.87,20.17,-0.18,-0.88,"60,052","12,044",2.11,0.49
2017-10-23,中鼎股份,1000887,19.92,20.40,19.61,20.35,0.49,2.47,"73,316","14,753",3.98,0.60
2017-10-20,中鼎股份,1000887,19.67,19.93,19.41,19.86,0.16,0.81,"58,460","11,521",2.64,0.48
2017-10-19,中鼎股份,1000887,20.33,20.33,19.70,19.70,-0.54,-2.67,"86,022","17,149",3.11,0.70
2017-10-18,中鼎股份,1000887,20.36,20.48,20.12,20.24,-0.15,-0.74,"48,905","9,918",1.77,0.40
2017-10-17,中鼎股份,1000887,20.40,20.53,20.13,20.39,-0.06,-0.29,"47,554","9,658",1.96,0.39
2017-10-16,中鼎股份,1000887,20.70,20.75,20.15,20.45,-0.18,-0.87,"112,161","22,767",2.91,0.92
2017-10-13,中鼎股份,1000887,20.34,20.84,20.34,20.63,0.07,0.34,"80,116","16,475",2.43,0.66
2017-10-12,中鼎股份,1000887,21.12,21.13,20.47,20.56,-0.58,-2.74,"128,306","26,564",3.12,1.05
2017-10-11,中鼎股份,1000887,21.33,21.50,21.14,21.14,-0.22,-1.03,"68,154","14,504",1.69,0.56
2017-10-10,中鼎股份,1000887,21.20,21.45,21.00,21.36,0.16,0.75,"107,521","22,784",2.12,0.88
2017-10-09,中鼎股份,1000887,20.89,21.27,20.73,21.20,0.35,1.68,"151,067","31,815",2.59,1.24
2018-12-28,中鼎股份,1000887,10.23,10.29,10.12,10.12,-0.07,-0.69,"25,025","2,549",1.67,0.21
2018-12-27,中鼎股份,1000887,10.39,10.41,10.18,10.19,-0.02,-0.20,"36,215","3,720",2.25,0.30
2018-12-26,中鼎股份,1000887,10.31,10.36,10.14,10.21,-0.10,-0.97,"26,927","2,757",2.13,0.22
2018-12-25,中鼎股份,1000887,10.23,10.33,10.00,10.31,0.00,0.00,"41,070","4,169",3.20,0.34
2018-12-24,中鼎股份,1000887,10.20,10.35,10.11,10.31,0.11,1.08,"26,304","2,703",2.35,0.22
2018-12-21,中鼎股份,1000887,10.25,10.35,10.10,10.20,-0.04,-0.39,"31,519","3,214",2.44,0.26
2018-12-20,中鼎股份,1000887,10.17,10.40,10.17,10.24,0.01,0.10,"37,789","3,887",2.25,0.31
2018-12-19,中鼎股份,1000887,10.45,10.50,10.21,10.23,-0.22,-2.11,"38,322","3,957",2.78,0.31
2018-12-18,中鼎股份,1000887,10.40,10.60,10.30,10.45,-0.03,-0.29,"48,042","5,008",2.86,0.39
2018-12-17,中鼎股份,1000887,10.68,10.70,10.41,10.48,-0.16,-1.50,"48,077","5,052",2.73,0.39
2018-12-14,中鼎股份,1000887,10.88,10.88,10.55,10.64,-0.24,-2.21,"52,193","5,586",3.03,0.43
2018-12-13,中鼎股份,1000887,10.84,11.06,10.64,10.88,0.05,0.46,"74,023","8,047",3.88,0.61
2018-12-12,中鼎股份,1000887,10.60,10.87,10.60,10.83,0.25,2.36,"54,958","5,921",2.55,0.45
2018-12-11,中鼎股份,1000887,10.40,10.68,10.40,10.58,0.20,1.93,"42,438","4,478",2.70,0.35
2018-12-10,中鼎股份,1000887,10.74,10.80,10.32,10.38,-0.36,-3.35,"64,102","6,696",4.47,0.53
2018-12-07,中鼎股份,1000887,10.77,10.94,10.70,10.74,-0.02,-0.19,"46,274","4,997",2.23,0.38
2018-12-06,中鼎股份,1000887,10.85,10.98,10.70,10.76,-0.17,-1.56,"53,476","5,787",2.56,0.44
2018-12-05,中鼎股份,1000887,10.93,11.10,10.85,10.93,-0.17,-1.53,"55,870","6,127",2.25,0.46
2018-12-04,中鼎股份,1000887,11.15,11.25,10.94,11.10,-0.01,-0.09,"81,662","9,049",2.79,0.67
2018-12-03,中鼎股份,1000887,11.10,11.24,10.93,11.11,0.41,3.83,"124,221","13,819",2.90,1.02
2018-11-30,中鼎股份,1000887,10.60,10.79,10.40,10.70,0.09,0.85,"55,112","5,848",3.68,0.45
2018-11-29,中鼎股份,1000887,11.16,11.17,10.60,10.61,-0.44,-3.98,"71,605","7,794",5.16,0.59
2018-11-28,中鼎股份,1000887,10.80,11.09,10.68,11.05,0.27,2.50,"84,012","9,180",3.80,0.69
2018-11-27,中鼎股份,1000887,10.88,11.05,10.66,10.78,0.07,0.65,"50,988","5,544",3.64,0.42
2018-11-26,中鼎股份,1000887,10.68,10.94,10.60,10.71,0.03,0.28,"52,452","5,654",3.18,0.43
2018-11-23,中鼎股份,1000887,11.09,11.13,10.64,10.68,-0.47,-4.22,"72,265","7,822",4.39,0.59
2018-11-22,中鼎股份,1000887,10.88,11.27,10.81,11.15,0.27,2.48,"75,403","8,290",4.23,0.62
2018-11-21,中鼎股份,1000887,10.65,10.95,10.63,10.88,0.01,0.09,"59,743","6,470",2.94,0.49
2018-11-20,中鼎股份,1000887,11.30,11.30,10.85,10.87,-0.53,-4.65,"89,593","9,932",3.95,0.73
2018-11-19,中鼎股份,1000887,11.41,11.48,11.10,11.40,-0.08,-0.70,"125,452","14,156",3.31,1.03
2018-11-16,中鼎股份,1000887,11.05,11.49,10.92,11.48,0.43,3.89,"165,385","18,518",5.16,1.35
2018-11-15,中鼎股份,1000887,10.56,11.05,10.56,11.05,0.38,3.56,"121,846","13,216",4.59,1.00
2018-11-14,中鼎股份,1000887,10.99,11.00,10.61,10.67,-0.19,-1.75,"72,500","7,809",3.59,0.59
2018-11-13,中鼎股份,1000887,10.63,10.98,10.55,10.86,0.11,1.02,"99,314","10,721",4.00,0.81
2018-11-12,中鼎股份,1000887,10.50,10.78,10.49,10.75,0.19,1.80,"66,446","7,105",2.75,0.54
2018-11-09,中鼎股份,1000887,10.51,10.66,10.45,10.56,0.02,0.19,"57,756","6,112",1.99,0.47
2018-11-08,中鼎股份,1000887,10.93,10.99,10.52,10.54,-0.35,-3.21,"97,688","10,448",4.32,0.80
2018-11-07,中鼎股份,1000887,10.93,10.93,10.64,10.89,0.01,0.09,"145,219","15,668",2.67,1.19
2018-11-06,中鼎股份,1000887,10.85,10.95,10.73,10.88,-0.01,-0.09,"61,698","6,684",2.02,0.51
2018-11-05,中鼎股份,1000887,10.80,11.20,10.73,10.89,0.01,0.09,"123,798","13,508",4.32,1.01
2018-11-02,中鼎股份,1000887,10.35,10.99,10.21,10.88,0.89,8.91,"232,512","24,692",7.81,1.90
2018-11-01,中鼎股份,1000887,10.15,10.30,9.97,9.99,-0.10,-0.99,"118,187","11,967",3.27,0.97
2018-10-31,中鼎股份,1000887,9.72,10.26,9.61,10.09,0.37,3.81,"130,939","13,006",6.69,1.07
2018-10-30,中鼎股份,1000887,9.12,9.86,9.12,9.72,0.62,6.81,"135,378","12,961",8.13,1.11
2018-10-29,中鼎股份,1000887,9.43,9.47,9.10,9.10,-0.30,-3.19,"67,226","6,215",3.94,0.55
2018-10-26,中鼎股份,1000887,9.49,9.58,9.35,9.40,0.01,0.11,"49,201","4,659",2.45,0.40
2018-10-25,中鼎股份,1000887,9.24,9.43,9.18,9.39,-0.20,-2.09,"66,323","6,170",2.61,0.54
2018-10-24,中鼎股份,1000887,9.67,9.69,9.47,9.59,-0.05,-0.52,"46,427","4,449",2.28,0.38
2018-10-23,中鼎股份,1000887,9.87,9.95,9.51,9.64,-0.23,-2.33,"66,738","6,485",4.46,0.55
2018-10-22,中鼎股份,1000887,9.44,10.07,9.35,9.87,0.54,5.79,"116,009","11,302",7.72,0.95
2018-10-19,中鼎股份,1000887,9.10,9.38,9.01,9.33,0.21,2.30,"71,288","6,561",4.06,0.58
2018-10-18,中鼎股份,1000887,9.19,9.34,9.01,9.12,-0.11,-1.19,"51,599","4,749",3.58,0.42
2018-10-17,中鼎股份,1000887,9.29,9.40,8.95,9.23,0.10,1.10,"48,073","4,415",4.93,0.39
2018-10-16,中鼎股份,1000887,9.47,9.65,9.06,9.13,-0.30,-3.18,"67,945","6,341",6.26,0.56
2018-10-15,中鼎股份,1000887,9.83,9.98,9.42,9.43,-0.27,-2.78,"58,189","5,671",5.77,0.48
2018-10-12,中鼎股份,1000887,9.67,9.79,9.15,9.70,0.03,0.31,"80,264","7,691",6.62,0.66
2018-10-11,中鼎股份,1000887,10.21,10.42,9.61,9.67,-1.01,-9.46,"109,370","10,934",7.58,0.90
2018-10-10,中鼎股份,1000887,10.80,10.83,10.62,10.68,-0.07,-0.65,"31,995","3,431",1.95,0.26
2018-10-09,中鼎股份,1000887,10.62,10.82,10.62,10.75,0.15,1.42,"38,257","4,110",1.89,0.31
2018-10-08,中鼎股份,1000887,10.85,10.85,10.60,10.60,-0.53,-4.76,"71,627","7,676",2.25,0.59
2018-06-29,中鼎股份,1000887,14.15,14.45,14.01,14.41,0.41,2.93,"54,602","7,776",3.14,0.45
2018-06-28,中鼎股份,1000887,14.13,14.39,13.98,14.00,-0.07,-0.50,"49,595","7,028",2.91,0.41
2018-06-27,中鼎股份,1000887,14.05,14.50,14.04,14.07,0.02,0.14,"48,955","6,996",3.27,0.40
2018-06-26,中鼎股份,1000887,13.86,14.33,13.77,14.05,0.05,0.36,"37,782","5,332",4.00,0.31
2018-06-25,中鼎股份,1000887,14.39,14.44,13.93,14.00,-0.26,-1.82,"37,586","5,331",3.58,0.31
2018-06-22,中鼎股份,1000887,14.05,14.37,13.86,14.26,0.21,1.49,"24,581","3,489",3.63,0.20
2018-06-21,中鼎股份,1000887,14.50,14.65,13.90,14.05,-0.50,-3.44,"54,564","7,762",5.15,0.45
2018-06-20,中鼎股份,1000887,14.30,14.74,14.16,14.55,0.21,1.46,"41,623","6,031",4.04,0.34
2018-06-19,中鼎股份,1000887,15.28,15.28,13.96,14.34,-1.04,-6.76,"132,343","19,231",8.58,1.08
2018-06-15,中鼎股份,1000887,15.76,15.91,15.31,15.38,-0.39,-2.47,"54,966","8,540",3.80,0.45
2018-06-14,中鼎股份,1000887,16.02,16.08,15.77,15.77,-0.23,-1.44,"32,996","5,251",1.94,0.27
2018-06-13,中鼎股份,1000887,16.20,16.30,15.97,16.00,-0.19,-1.17,"26,316","4,241",2.04,0.22
2018-06-12,中鼎股份,1000887,16.10,16.39,15.99,16.19,0.12,0.75,"26,843","4,349",2.49,0.22
2018-06-11,中鼎股份,1000887,16.03,16.22,15.94,16.07,0.01,0.06,"21,911","3,522",1.74,0.18
2018-06-08,中鼎股份,1000887,16.15,16.15,15.96,16.06,-0.10,-0.62,"40,095","6,436",1.18,0.33
2018-06-07,中鼎股份,1000887,16.41,16.53,16.10,16.16,-0.14,-0.86,"33,813","5,505",2.64,0.28
2018-06-06,中鼎股份,1000887,16.48,16.51,16.19,16.30,-0.18,-1.09,"37,951","6,192",1.94,0.31
2018-06-05,中鼎股份,1000887,16.28,16.52,16.20,16.48,0.23,1.42,"34,072","5,585",1.97,0.28
2018-06-04,中鼎股份,1000887,15.91,16.26,15.91,16.25,0.38,2.39,"42,105","6,790",2.21,0.35
2018-06-01,中鼎股份,1000887,16.10,16.15,15.80,15.87,-0.31,-1.92,"44,817","7,159",2.16,0.37
2018-05-31,中鼎股份,1000887,16.25,16.29,15.98,16.18,0.04,0.25,"73,591","11,857",1.92,0.60
2018-05-30,中鼎股份,1000887,16.31,16.43,16.00,16.14,-0.39,-2.36,"63,075","10,226",2.60,0.52
2018-05-29,中鼎股份,1000887,17.14,17.19,16.53,16.53,-0.55,-3.22,"77,182","12,970",3.86,0.63
2018-05-28,中鼎股份,1000887,17.08,17.24,16.94,17.08,0.00,0.00,"53,385","9,128",1.76,0.44
2018-05-25,中鼎股份,1000887,17.45,17.49,17.05,17.08,-0.31,-1.78,"89,478","15,400",2.53,0.73
2018-05-24,中鼎股份,1000887,17.70,17.81,17.39,17.39,-0.61,-3.39,"131,697","23,149",2.33,1.08
2018-05-23,中鼎股份,1000887,17.66,19.10,17.31,18.00,0.51,2.92,"228,380","41,220",10.23,1.87
2018-05-22,中鼎股份,1000887,17.63,17.70,17.34,17.49,0.06,0.34,"73,756","12,882",2.07,0.60
2018-05-21,中鼎股份,1000887,17.20,17.45,17.20,17.43,0.40,2.35,"80,486","13,968",1.47,0.66
2018-05-18,中鼎股份,1000887,16.99,17.19,16.75,17.03,0.04,0.24,"52,950","8,991",2.59,0.43
2018-05-17,中鼎股份,1000887,17.17,17.22,16.90,16.99,-0.11,-0.64,"36,740","6,258",1.87,0.30
2018-05-16,中鼎股份,1000887,17.30,17.48,17.05,17.10,-0.19,-1.10,"60,320","10,399",2.49,0.49
2018-05-15,中鼎股份,1000887,16.98,17.31,16.98,17.29,0.29,1.71,"49,434","8,497",1.94,0.41
2018-05-14,中鼎股份,1000887,17.12,17.45,16.95,17.00,-0.14,-0.82,"64,850","11,161",2.92,0.53
2018-05-11,中鼎股份,1000887,17.20,17.54,17.13,17.14,0.05,0.29,"65,438","11,346",2.40,0.54
2018-05-10,中鼎股份,1000887,17.07,17.17,16.95,17.09,0.09,0.53,"39,707","6,777",1.29,0.33
2018-05-09,中鼎股份,1000887,17.09,17.09,16.88,17.00,0.04,0.24,"26,667","4,528",1.24,0.22
2018-05-08,中鼎股份,1000887,17.08,17.16,16.91,16.96,-0.12,-0.70,"46,504","7,904",1.46,0.38
2018-05-07,中鼎股份,1000887,16.82,17.17,16.74,17.08,0.32,1.91,"52,756","8,969",2.57,0.43
2018-05-04,中鼎股份,1000887,16.87,17.03,16.74,16.76,-0.14,-0.83,"28,111","4,745",1.72,0.23
2018-05-03,中鼎股份,1000887,16.58,16.94,16.39,16.90,0.35,2.11,"51,961","8,673",3.32,0.43
2018-05-02,中鼎股份,1000887,16.26,16.68,16.25,16.55,0.38,2.35,"45,537","7,526",2.66,0.37
2018-04-27,中鼎股份,1000887,16.32,16.44,16.10,16.17,-0.06,-0.37,"28,087","4,563",2.09,0.23
2018-04-26,中鼎股份,1000887,16.61,16.97,16.17,16.23,-0.46,-2.76,"56,228","9,255",4.79,0.46
2018-04-25,中鼎股份,1000887,16.48,17.09,16.38,16.69,0.13,0.79,"61,415","10,275",4.29,0.50
2018-04-24,中鼎股份,1000887,16.02,16.58,16.02,16.56,0.63,3.95,"37,089","6,058",3.52,0.30
2018-04-23,中鼎股份,1000887,16.25,16.42,15.83,15.93,-0.27,-1.67,"36,154","5,818",3.64,0.30
2018-04-20,中鼎股份,1000887,16.66,16.92,16.10,16.20,-0.46,-2.76,"35,553","5,853",4.92,0.29
2018-04-19,中鼎股份,1000887,16.55,16.84,16.51,16.66,0.14,0.85,"32,132","5,365",2.00,0.26
2018-04-18,中鼎股份,1000887,16.82,16.87,16.05,16.52,-0.18,-1.08,"50,563","8,326",4.91,0.41
2018-04-17,中鼎股份,1000887,17.15,17.25,16.70,16.70,-0.47,-2.74,"43,095","7,303",3.20,0.35
2018-04-16,中鼎股份,1000887,17.50,17.50,17.01,17.17,-0.33,-1.89,"51,277","8,822",2.80,0.42
2018-04-13,中鼎股份,1000887,17.25,17.56,17.16,17.50,0.34,1.98,"51,148","8,903",2.33,0.42
2018-04-12,中鼎股份,1000887,17.24,17.42,17.14,17.16,-0.07,-0.41,"43,431","7,506",1.63,0.36
2018-04-11,中鼎股份,1000887,17.50,17.59,17.17,17.23,-0.20,-1.15,"53,881","9,341",2.41,0.44
2018-04-10,中鼎股份,1000887,17.59,17.59,17.10,17.43,0.04,0.23,"56,312","9,755",2.82,0.46
2018-04-09,中鼎股份,1000887,17.65,17.70,17.10,17.39,-0.47,-2.63,"81,710","14,202",3.36,0.67
2018-04-04,中鼎股份,1000887,18.32,18.48,17.82,17.86,-0.38,-2.08,"67,533","12,173",3.62,0.55
2018-04-03,中鼎股份,1000887,17.90,18.24,17.72,18.24,0.12,0.66,"107,099","19,233",2.87,0.88
2018-04-02,中鼎股份,1000887,17.89,18.48,17.89,18.12,0.46,2.60,"154,780","28,157",3.34,1.27
2018-09-28,中鼎股份,1000887,11.05,11.13,10.93,11.13,0.12,1.09,"66,825","7,383",1.82,0.55
2018-09-27,中鼎股份,1000887,11.17,11.18,10.88,11.01,-0.16,-1.43,"83,024","9,158",2.69,0.68
2018-09-26,中鼎股份,1000887,11.07,11.27,11.00,11.17,0.25,2.29,"120,625","13,449",2.47,0.99
2018-09-25,中鼎股份,1000887,10.94,11.01,10.78,10.92,-0.16,-1.44,"86,943","9,492",2.08,0.71
2018-09-21,中鼎股份,1000887,10.50,11.11,10.42,11.08,0.62,5.93,"137,343","14,894",6.60,1.13
2018-09-20,中鼎股份,1000887,10.57,10.62,10.42,10.46,-0.11,-1.04,"75,135","7,892",1.89,0.62
2018-09-19,中鼎股份,1000887,10.48,10.67,10.39,10.57,0.08,0.76,"71,058","7,496",2.67,0.58
2018-09-18,中鼎股份,1000887,10.23,10.56,10.20,10.49,0.21,2.04,"66,793","6,932",3.50,0.55
2018-09-17,中鼎股份,1000887,10.30,10.44,10.23,10.28,-0.10,-0.96,"54,138","5,586",2.02,0.44
2018-09-14,中鼎股份,1000887,10.72,10.82,10.33,10.38,-0.12,-1.14,"84,344","8,915",4.67,0.69
2018-09-13,中鼎股份,1000887,10.60,10.69,10.31,10.50,0.00,0.00,"59,028","6,188",3.62,0.48
2018-09-12,中鼎股份,1000887,10.47,10.75,10.45,10.50,0.09,0.86,"77,378","8,195",2.88,0.63
2018-09-11,中鼎股份,1000887,10.18,10.56,10.18,10.41,0.31,3.07,"123,770","12,851",3.76,1.01
2018-09-10,中鼎股份,1000887,10.52,10.64,10.07,10.10,-0.42,-3.99,"83,759","8,635",5.42,0.69
2018-09-07,中鼎股份,1000887,10.76,10.90,10.47,10.52,-0.24,-2.23,"75,680","8,066",4.00,0.62
2018-09-06,中鼎股份,1000887,10.75,10.97,10.72,10.76,0.02,0.19,"48,173","5,213",2.33,0.39
2018-09-05,中鼎股份,1000887,11.08,11.16,10.73,10.74,-0.38,-3.42,"64,718","7,082",3.87,0.53
2018-09-04,中鼎股份,1000887,11.19,11.26,10.90,11.12,-0.05,-0.45,"71,007","7,879",3.22,0.58
2018-09-03,中鼎股份,1000887,11.39,11.49,11.05,11.17,-0.37,-3.21,"95,573","10,676",3.81,0.78
2018-08-31,中鼎股份,1000887,11.44,11.75,11.28,11.54,0.13,1.14,"90,153","10,331",4.12,0.74
2018-08-30,中鼎股份,1000887,11.92,11.98,11.39,11.41,-0.48,-4.04,"93,713","10,882",4.96,0.77
2018-08-29,中鼎股份,1000887,12.09,12.12,11.81,11.89,-0.17,-1.41,"49,122","5,881",2.57,0.40
2018-08-28,中鼎股份,1000887,12.22,12.33,12.04,12.06,-0.14,-1.15,"46,750","5,670",2.38,0.38
2018-08-27,中鼎股份,1000887,11.79,12.24,11.79,12.20,0.44,3.74,"66,852","8,052",3.83,0.55
2018-08-24,中鼎股份,1000887,11.97,11.97,11.74,11.76,-0.20,-1.67,"27,862","3,295",1.92,0.23
2018-08-23,中鼎股份,1000887,12.00,12.05,11.78,11.96,-0.03,-0.25,"39,917","4,770",2.25,0.33
2018-08-22,中鼎股份,1000887,12.06,12.07,11.88,11.99,-0.07,-0.58,"28,159","3,370",1.58,0.23
2018-08-21,中鼎股份,1000887,11.79,12.12,11.79,12.06,0.23,1.94,"60,780","7,303",2.79,0.50
2018-08-20,中鼎股份,1000887,12.04,12.15,11.50,11.83,-0.22,-1.83,"77,984","9,183",5.39,0.64
2018-08-17,中鼎股份,1000887,12.20,12.30,12.03,12.05,-0.01,-0.08,"48,828","5,947",2.24,0.40
2018-08-16,中鼎股份,1000887,12.35,12.46,12.05,12.06,-0.39,-3.13,"59,062","7,228",3.29,0.48
2018-08-15,中鼎股份,1000887,12.86,12.86,12.45,12.45,-0.37,-2.89,"47,992","6,036",3.20,0.39
2018-08-14,中鼎股份,1000887,12.68,12.90,12.67,12.82,0.14,1.10,"39,140","5,009",1.81,0.32
2018-08-13,中鼎股份,1000887,12.79,12.79,12.41,12.68,-0.23,-1.78,"73,297","9,243",2.94,0.60
2018-08-10,中鼎股份,1000887,12.98,13.03,12.69,12.91,-0.10,-0.77,"52,920","6,802",2.61,0.43
2018-08-09,中鼎股份,1000887,12.90,13.17,12.58,13.01,0.09,0.70,"89,659","11,551",4.57,0.73
2018-08-08,中鼎股份,1000887,13.20,13.24,12.87,12.92,-0.25,-1.90,"44,275","5,772",2.81,0.36
2018-08-07,中鼎股份,1000887,13.04,13.22,12.81,13.17,0.19,1.46,"60,826","7,964",3.16,0.50
2018-08-06,中鼎股份,1000887,13.50,13.57,12.88,12.98,-0.57,-4.21,"65,192","8,563",5.09,0.53
2018-08-03,中鼎股份,1000887,13.32,13.76,13.32,13.55,0.16,1.19,"45,593","6,174",3.29,0.37
2018-08-02,中鼎股份,1000887,14.20,14.21,13.07,13.39,-0.76,-5.37,"80,278","10,859",8.06,0.66
2018-08-01,中鼎股份,1000887,14.12,14.44,14.09,14.15,0.08,0.57,"75,965","10,878",2.49,0.62
2018-07-31,中鼎股份,1000887,14.16,14.30,13.96,14.07,-0.13,-0.92,"40,237","5,671",2.39,0.33
2018-07-30,中鼎股份,1000887,13.99,14.38,13.94,14.20,0.21,1.50,"57,735","8,176",3.15,0.47
2018-07-27,中鼎股份,1000887,14.29,14.29,13.93,13.99,-0.32,-2.24,"43,144","6,062",2.52,0.35
2018-07-26,中鼎股份,1000887,14.47,14.53,14.16,14.31,-0.22,-1.51,"58,931","8,416",2.55,0.48
2018-07-25,中鼎股份,1000887,14.65,14.65,14.40,14.53,-0.05,-0.34,"48,215","6,989",1.71,0.39
2018-07-24,中鼎股份,1000887,14.18,14.67,14.18,14.58,0.42,2.97,"89,233","12,893",3.46,0.73
2018-07-23,中鼎股份,1000887,13.88,14.24,13.87,14.16,0.27,1.94,"69,574","9,817",2.66,0.57
2018-07-20,中鼎股份,1000887,13.80,13.97,13.73,13.89,0.10,0.73,"47,844","6,635",1.74,0.39
2018-07-19,中鼎股份,1000887,13.95,14.04,13.73,13.79,-0.10,-0.72,"42,833","5,935",2.23,0.35
2018-07-18,中鼎股份,1000887,14.14,14.16,13.89,13.89,-0.22,-1.56,"42,719","5,993",1.91,0.35
2018-07-17,中鼎股份,1000887,14.15,14.15,13.87,14.11,0.11,0.79,"42,895","6,008",2.00,0.35
2018-07-16,中鼎股份,1000887,14.21,14.22,13.92,14.00,-0.21,-1.48,"39,034","5,475",2.11,0.32
2018-07-13,中鼎股份,1000887,14.40,14.42,14.08,14.21,-0.17,-1.18,"48,950","6,947",2.36,0.40
2018-07-12,中鼎股份,1000887,13.79,14.41,13.78,14.38,0.52,3.75,"75,118","10,677",4.55,0.62
2018-07-11,中鼎股份,1000887,13.99,13.99,13.68,13.86,-0.17,-1.21,"49,308","6,827",2.21,0.40
2018-07-10,中鼎股份,1000887,13.81,14.09,13.79,14.03,0.27,1.96,"46,355","6,473",2.18,0.38
2018-07-09,中鼎股份,1000887,13.40,13.81,13.34,13.76,0.44,3.30,"58,078","7,950",3.53,0.48
2018-07-06,中鼎股份,1000887,13.11,13.60,12.82,13.32,0.27,2.07,"68,658","9,087",5.98,0.56
2018-07-05,中鼎股份,1000887,13.89,14.06,13.00,13.05,-0.85,-6.12,"80,401","10,801",7.63,0.66
2018-07-04,中鼎股份,1000887,13.93,14.07,13.70,13.90,0.01,0.07,"50,072","6,960",2.66,0.41
2018-07-03,中鼎股份,1000887,14.08,14.28,13.78,14.19,0.17,1.21,"58,637","8,224",3.57,0.48
2018-07-02,中鼎股份,1000887,14.39,14.41,13.93,14.02,-0.39,-2.71,"69,310","9,811",3.33,0.57
2018-03-30,中鼎股份,1000887,17.80,18.19,17.51,17.66,0.76,4.50,"129,954","23,049",4.02,1.07
2018-03-29,中鼎股份,1000887,17.17,17.50,16.78,16.90,-0.23,-1.34,"60,642","10,294",4.20,0.50
2018-03-28,中鼎股份,1000887,16.99,17.22,16.85,17.13,0.05,0.29,"56,734","9,669",2.17,0.46
2018-03-27,中鼎股份,1000887,16.80,17.31,16.80,17.08,0.33,1.97,"69,147","11,811",3.04,0.57
2018-03-26,中鼎股份,1000887,15.89,16.77,15.53,16.75,0.65,4.04,"79,478","12,769",7.70,0.65
2018-03-23,中鼎股份,1000887,16.23,16.55,15.85,16.10,-0.67,-4.00,"88,485","14,325",4.17,0.73
2018-03-22,中鼎股份,1000887,17.39,17.39,16.71,16.77,-0.57,-3.29,"81,809","13,844",3.92,0.67
2018-03-21,中鼎股份,1000887,17.19,17.59,17.19,17.34,0.08,0.46,"63,223","11,020",2.32,0.52
2018-03-20,中鼎股份,1000887,17.50,17.55,16.97,17.26,-0.34,-1.93,"59,363","10,230",3.30,0.49
2018-03-19,中鼎股份,1000887,17.42,17.69,17.42,17.60,0.05,0.28,"49,407","8,671",1.54,0.40
2018-03-16,中鼎股份,1000887,17.73,17.94,17.51,17.55,-0.18,-1.02,"64,664","11,456",2.43,0.53
2018-03-15,中鼎股份,1000887,17.11,17.77,17.10,17.73,0.54,3.14,"89,522","15,702",3.90,0.73
2018-03-14,中鼎股份,1000887,17.78,17.85,17.11,17.19,-0.58,-3.26,"75,028","13,058",4.16,0.61
2018-03-13,中鼎股份,1000887,17.71,18.11,17.57,17.77,0.01,0.06,"65,256","11,627",3.04,0.53
2018-03-12,中鼎股份,1000887,17.60,17.97,17.48,17.76,0.29,1.66,"72,086","12,811",2.80,0.59
2018-03-09,中鼎股份,1000887,17.15,17.57,17.07,17.47,0.46,2.70,"60,629","10,518",2.94,0.50
2018-03-08,中鼎股份,1000887,16.72,17.19,16.69,17.01,0.35,2.10,"55,755","9,435",3.00,0.46
2018-03-07,中鼎股份,1000887,16.91,17.00,16.64,16.66,-0.27,-1.59,"40,581","6,812",2.13,0.33
2018-03-06,中鼎股份,1000887,16.80,17.02,16.68,16.93,0.30,1.80,"55,024","9,280",2.04,0.45
2018-03-05,中鼎股份,1000887,16.71,16.80,16.27,16.63,0.00,0.00,"51,697","8,534",3.19,0.42
2018-03-02,中鼎股份,1000887,16.60,16.85,16.50,16.63,0.02,0.12,"45,767","7,617",2.11,0.38
2018-03-01,中鼎股份,1000887,16.60,16.80,16.41,16.61,-0.08,-0.48,"49,369","8,218",2.34,0.40
2018-02-28,中鼎股份,1000887,16.19,16.74,15.96,16.69,0.49,3.02,"80,789","13,306",4.81,0.66
2018-02-27,中鼎股份,1000887,16.04,16.55,15.91,16.20,0.40,2.53,"85,416","13,883",4.05,0.70
2018-02-26,中鼎股份,1000887,15.60,15.92,15.49,15.80,0.27,1.74,"45,906","7,220",2.77,0.38
2018-02-23,中鼎股份,1000887,15.57,15.62,15.46,15.53,-0.03,-0.19,"27,074","4,206",1.03,0.22
2018-02-22,中鼎股份,1000887,15.46,15.63,15.32,15.56,0.31,2.03,"38,049","5,899",2.03,0.31
2018-02-14,中鼎股份,1000887,15.30,15.43,15.25,15.25,-0.05,-0.33,"32,109","4,920",1.18,0.26
2018-02-13,中鼎股份,1000887,15.63,15.76,15.28,15.30,-0.33,-2.11,"68,138","10,542",3.07,0.56
2018-02-12,中鼎股份,1000887,15.00,15.84,14.90,15.63,0.69,4.62,"98,773","15,138",6.29,0.81
2018-02-09,中鼎股份,1000887,14.73,15.17,14.59,14.94,-0.10,-0.66,"95,871","14,272",3.86,0.79
2018-02-08,中鼎股份,1000887,14.19,15.13,14.02,15.04,0.64,4.44,"111,659","16,270",7.71,0.92
2018-02-07,中鼎股份,1000887,15.05,15.17,13.30,14.40,-0.37,-2.51,"243,621","34,342",12.66,2.00
2018-02-06,中鼎股份,1000887,16.10,16.10,14.77,14.77,-1.64,-9.99,"198,146","30,206",8.10,1.62
2018-02-05,中鼎股份,1000887,16.50,16.60,16.35,16.41,-0.34,-2.03,"52,125","8,581",1.49,0.43
2018-02-02,中鼎股份,1000887,16.65,16.95,16.51,16.75,0.10,0.60,"49,616","8,314",2.64,0.41
2018-02-01,中鼎股份,1000887,17.30,17.30,16.30,16.65,-0.59,-3.42,"59,909","10,081",5.80,0.49
2018-01-31,中鼎股份,1000887,17.24,17.27,16.95,17.24,-0.03,-0.17,"41,859","7,148",1.85,0.34
2018-01-30,中鼎股份,1000887,17.21,17.30,17.14,17.27,0.07,0.41,"26,940","4,636",0.93,0.22
2018-01-29,中鼎股份,1000887,17.30,17.39,17.10,17.20,-0.09,-0.52,"36,333","6,256",1.68,0.30
2018-01-26,中鼎股份,1000887,17.49,17.62,17.25,17.29,-0.20,-1.14,"50,005","8,683",2.12,0.41
2018-01-25,中鼎股份,1000887,17.70,17.75,17.42,17.49,-0.24,-1.35,"62,726","11,029",1.86,0.51
2018-01-24,中鼎股份,1000887,17.49,17.87,17.28,17.73,0.19,1.08,"64,594","11,314",3.36,0.53
2018-01-23,中鼎股份,1000887,17.49,17.75,17.44,17.54,0.06,0.34,"34,023","5,974",1.77,0.28
2018-01-22,中鼎股份,1000887,17.58,17.60,17.12,17.48,-0.11,-0.63,"52,551","9,131",2.73,0.43
2018-01-19,中鼎股份,1000887,17.49,17.67,17.36,17.59,0.10,0.57,"32,212","5,654",1.77,0.26
2018-01-18,中鼎股份,1000887,17.45,17.69,17.34,17.49,0.04,0.23,"52,105","9,133",2.01,0.43
2018-01-17,中鼎股份,1000887,17.94,17.94,17.08,17.45,-0.38,-2.13,"100,931","17,577",4.82,0.83
2018-01-16,中鼎股份,1000887,17.72,18.08,17.65,17.83,0.04,0.22,"50,294","8,966",2.42,0.41
2018-01-15,中鼎股份,1000887,18.09,18.15,17.60,17.79,-0.29,-1.60,"63,435","11,350",3.04,0.52
2018-01-12,中鼎股份,1000887,18.22,18.33,17.88,18.08,-0.20,-1.09,"74,636","13,463",2.46,0.61
2018-01-11,中鼎股份,1000887,18.10,18.35,17.94,18.28,0.15,0.83,"73,207","13,335",2.26,0.60
2018-01-10,中鼎股份,1000887,18.53,18.53,18.03,18.13,-0.41,-2.21,"56,805","10,349",2.70,0.47
2018-01-09,中鼎股份,1000887,18.36,18.69,18.24,18.54,0.22,1.20,"57,326","10,597",2.46,0.47
2018-01-08,中鼎股份,1000887,18.70,18.72,18.20,18.32,-0.25,-1.35,"80,080","14,643",2.80,0.66
2018-01-05,中鼎股份,1000887,18.50,18.78,18.41,18.57,0.10,0.54,"63,745","11,819",2.00,0.52
2018-01-04,中鼎股份,1000887,18.74,18.77,18.38,18.47,-0.22,-1.18,"61,761","11,448",2.09,0.51
2018-01-03,中鼎股份,1000887,18.13,18.79,18.09,18.69,0.50,2.75,"112,239","20,717",3.85,0.92
2018-01-02,中鼎股份,1000887,18.20,18.27,17.99,18.19,0.02,0.11,"81,946","14,885",1.54,0.67
2019-03-29,中鼎股份,1000887,12.00,12.38,11.86,12.38,0.38,3.17,"166,719","20,221",4.33,1.37
2019-03-28,中鼎股份,1000887,11.88,12.15,11.75,12.00,0.07,0.59,"123,153","14,742",3.35,1.01
2019-03-27,中鼎股份,1000887,12.03,12.10,11.66,11.93,-0.01,-0.08,"123,233","14,609",3.69,1.01
2019-03-26,中鼎股份,1000887,12.31,12.44,11.92,11.94,-0.38,-3.08,"180,965","21,912",4.22,1.48
2019-03-25,中鼎股份,1000887,12.51,12.60,12.29,12.32,-0.38,-2.99,"128,811","16,067",2.44,1.06
2019-03-22,中鼎股份,1000887,12.70,12.74,12.35,12.70,0.06,0.47,"113,805","14,321",3.09,0.93
2019-03-21,中鼎股份,1000887,12.77,12.86,12.60,12.64,0.00,0.00,"143,574","18,233",2.06,1.18
2019-03-20,中鼎股份,1000887,12.76,12.90,12.40,12.64,-0.12,-0.94,"106,464","13,440",3.92,0.87
2019-03-19,中鼎股份,1000887,12.84,13.13,12.68,12.76,-0.11,-0.85,"101,835","13,098",3.50,0.83
2019-03-18,中鼎股份,1000887,12.81,12.90,12.58,12.87,0.12,0.94,"117,573","15,002",2.51,0.96
2019-03-15,中鼎股份,1000887,12.82,12.97,12.67,12.75,0.01,0.08,"89,650","11,479",2.35,0.73
2019-03-14,中鼎股份,1000887,12.98,13.19,12.59,12.74,-0.33,-2.52,"181,427","23,298",4.59,1.49
2019-03-13,中鼎股份,1000887,13.29,13.65,12.96,13.07,-0.28,-2.10,"193,201","25,558",5.17,1.58
2019-03-12,中鼎股份,1000887,12.76,13.50,12.76,13.35,0.62,4.87,"263,091","34,252",5.81,2.16
2019-03-11,中鼎股份,1000887,12.50,12.74,12.30,12.73,0.23,1.84,"180,322","22,662",3.52,1.48
2019-03-08,中鼎股份,1000887,12.67,12.95,12.50,12.50,-0.54,-4.14,"252,867","32,132",3.45,2.07
2019-03-07,中鼎股份,1000887,12.75,13.29,12.59,13.04,0.31,2.44,"234,757","30,172",5.50,1.92
2019-03-06,中鼎股份,1000887,12.41,12.97,12.41,12.73,0.54,4.43,"346,064","43,814",4.59,2.83
2019-03-05,中鼎股份,1000887,11.45,12.22,11.45,12.19,0.49,4.19,"233,548","27,984",6.58,1.91
2019-03-04,中鼎股份,1000887,11.86,11.98,11.61,11.70,0.07,0.60,"210,846","24,914",3.18,1.73
2019-03-01,中鼎股份,1000887,11.83,11.94,11.47,11.63,-0.24,-2.02,"188,943","21,950",3.96,1.55
2019-02-28,中鼎股份,1000887,11.34,11.89,11.30,11.87,0.52,4.58,"225,542","26,187",5.20,1.85
2019-02-27,中鼎股份,1000887,11.51,11.65,11.22,11.35,-0.22,-1.90,"165,261","18,941",3.72,1.35
2019-02-26,中鼎股份,1000887,11.72,11.92,11.42,11.57,-0.10,-0.86,"226,535","26,474",4.28,1.86
2019-02-25,中鼎股份,1000887,11.39,11.73,11.16,11.67,0.44,3.92,"253,413","29,110",5.08,2.08
2019-02-22,中鼎股份,1000887,10.70,11.24,10.62,11.23,0.59,5.55,"182,135","20,071",5.83,1.49
2019-02-21,中鼎股份,1000887,10.71,10.89,10.60,10.64,-0.07,-0.65,"102,784","11,066",2.71,0.84
2019-02-20,中鼎股份,1000887,10.84,10.85,10.58,10.71,-0.12,-1.11,"99,459","10,651",2.49,0.81
2019-02-19,中鼎股份,1000887,10.88,10.95,10.62,10.83,-0.12,-1.10,"167,356","18,071",3.01,1.37
2019-02-18,中鼎股份,1000887,10.77,10.96,10.66,10.95,0.19,1.77,"166,218","18,047",2.79,1.36
2019-02-15,中鼎股份,1000887,10.36,10.78,10.34,10.76,0.36,3.46,"162,339","17,265",4.23,1.33
2019-02-14,中鼎股份,1000887,10.30,10.48,10.27,10.40,0.07,0.68,"70,619","7,320",2.03,0.58
2019-02-13,中鼎股份,1000887,10.15,10.40,10.09,10.33,0.19,1.87,"86,058","8,834",3.06,0.70
2019-02-12,中鼎股份,1000887,9.88,10.16,9.83,10.14,0.25,2.53,"72,690","7,304",3.34,0.60
2019-02-11,中鼎股份,1000887,9.63,9.93,9.63,9.89,0.25,2.59,"77,805","7,619",3.11,0.64
2019-02-01,中鼎股份,1000887,9.41,9.66,9.41,9.64,0.24,2.55,"49,974","4,785",2.66,0.41
2019-01-31,中鼎股份,1000887,9.60,9.63,9.28,9.40,-0.12,-1.26,"58,149","5,495",3.68,0.48
2019-01-30,中鼎股份,1000887,9.60,9.75,9.50,9.52,-0.12,-1.24,"41,783","4,023",2.59,0.34
2019-01-29,中鼎股份,1000887,9.92,9.95,9.51,9.64,-0.34,-3.41,"87,400","8,463",4.41,0.72
2019-01-28,中鼎股份,1000887,10.08,10.19,9.95,9.98,-0.06,-0.60,"53,684","5,404",2.39,0.44
2019-01-25,中鼎股份,1000887,10.12,10.21,10.04,10.04,-0.10,-0.99,"45,761","4,643",1.68,0.37
2019-01-24,中鼎股份,1000887,9.98,10.19,9.95,10.14,0.14,1.40,"48,449","4,900",2.40,0.40
2019-01-23,中鼎股份,1000887,10.03,10.08,9.91,10.00,0.00,0.00,"25,489","2,550",1.70,0.21
2019-01-22,中鼎股份,1000887,10.22,10.23,9.98,10.00,-0.27,-2.63,"42,518","4,299",2.43,0.35
2019-01-21,中鼎股份,1000887,10.12,10.29,10.09,10.27,0.17,1.68,"58,958","6,014",1.98,0.48
2019-01-18,中鼎股份,1000887,9.93,10.13,9.88,10.10,0.22,2.23,"39,590","3,971",2.53,0.32
2019-01-17,中鼎股份,1000887,10.05,10.11,9.86,9.88,-0.17,-1.69,"38,326","3,824",2.49,0.31
2019-01-16,中鼎股份,1000887,10.05,10.18,9.99,10.05,-0.02,-0.20,"42,047","4,242",1.89,0.34
2019-01-15,中鼎股份,1000887,9.98,10.09,9.81,10.07,0.10,1.00,"52,035","5,183",2.81,0.43
2019-01-14,中鼎股份,1000887,10.14,10.18,9.96,9.97,-0.17,-1.68,"41,302","4,141",2.17,0.34
2019-01-11,中鼎股份,1000887,10.27,10.27,10.04,10.14,-0.05,-0.49,"49,831","5,035",2.26,0.41
2019-01-10,中鼎股份,1000887,10.23,10.28,10.12,10.19,-0.02,-0.20,"37,983","3,873",1.57,0.31
2019-01-09,中鼎股份,1000887,10.15,10.43,10.14,10.21,0.18,1.79,"105,851","10,908",2.89,0.87
2019-01-08,中鼎股份,1000887,10.14,10.18,10.01,10.03,-0.07,-0.69,"48,074","4,849",1.68,0.39
2019-01-07,中鼎股份,1000887,10.00,10.21,9.91,10.10,0.20,2.02,"68,030","6,862",3.03,0.56
2019-01-04,中鼎股份,1000887,9.51,9.91,9.51,9.90,0.32,3.34,"70,241","6,822",4.18,0.58
2019-01-03,中鼎股份,1000887,9.84,9.90,9.53,9.58,-0.27,-2.74,"59,373","5,787",3.76,0.49
2019-01-02,中鼎股份,1000887,10.15,10.18,9.83,9.85,-0.27,-2.67,"55,715","5,561",3.46,0.46
2019-06-28,中鼎股份,1000887,9.72,9.72,9.53,9.59,-0.11,-1.13,"34,822","3,340",1.96,0.29
2019-06-27,中鼎股份,1000887,9.76,9.79,9.64,9.70,0.02,0.21,"42,600","4,136",1.55,0.35
2019-06-26,中鼎股份,1000887,9.60,9.75,9.58,9.68,-0.01,-0.10,"27,990","2,709",1.75,0.23
2019-06-25,中鼎股份,1000887,9.83,9.85,9.54,9.69,-0.09,-0.92,"54,850","5,299",3.17,0.45
2019-06-24,中鼎股份,1000887,9.83,9.86,9.73,9.78,-0.06,-0.61,"42,844","4,193",1.32,0.35
2019-06-21,中鼎股份,1000887,9.77,9.93,9.76,9.84,0.13,1.34,"69,869","6,885",1.75,0.57
2019-06-20,中鼎股份,1000887,9.52,9.80,9.41,9.71,0.21,2.21,"77,905","7,519",4.11,0.64
2019-06-19,中鼎股份,1000887,9.50,9.65,9.46,9.50,0.19,2.04,"65,101","6,208",2.04,0.53
2019-06-18,中鼎股份,1000887,9.40,9.44,9.28,9.31,-0.11,-1.17,"38,333","3,575",1.70,0.31
2019-06-17,中鼎股份,1000887,9.35,9.48,9.30,9.42,0.00,0.00,"40,106","3,763",1.91,0.33
2019-06-14,中鼎股份,1000887,9.60,9.68,9.36,9.42,-0.17,-1.77,"48,524","4,603",3.34,0.40
2019-06-13,中鼎股份,1000887,9.62,9.70,9.50,9.59,-0.04,-0.42,"54,407","5,216",2.08,0.45
2019-06-12,中鼎股份,1000887,9.69,9.78,9.59,9.63,-0.09,-0.93,"45,466","4,400",1.95,0.37
2019-06-11,中鼎股份,1000887,9.31,9.76,9.30,9.72,0.41,4.40,"78,129","7,497",4.94,0.64
2019-06-10,中鼎股份,1000887,9.27,9.37,9.14,9.31,0.13,1.42,"56,928","5,263",2.51,0.47
2019-06-06,中鼎股份,1000887,9.47,9.48,9.18,9.18,-0.28,-2.96,"49,818","4,621",3.17,0.41
2019-06-05,中鼎股份,1000887,9.56,9.62,9.45,9.46,0.01,0.11,"36,071","3,431",1.80,0.30
2019-06-04,中鼎股份,1000887,9.52,9.58,9.39,9.45,-0.07,-0.74,"38,222","3,620",2.00,0.31
2019-06-03,中鼎股份,1000887,9.59,9.68,9.43,9.52,-0.07,-0.73,"40,621","3,875",2.61,0.33
2019-05-31,中鼎股份,1000887,9.64,9.76,9.56,9.59,-0.04,-0.42,"46,460","4,481",2.08,0.38
2019-05-30,中鼎股份,1000887,9.82,9.87,9.65,9.83,-0.05,-0.51,"44,363","4,318",2.23,0.36
2019-05-29,中鼎股份,1000887,9.81,9.99,9.79,9.88,0.00,0.00,"40,711","4,030",2.02,0.33
2019-05-28,中鼎股份,1000887,9.96,10.04,9.85,9.88,-0.03,-0.30,"61,075","6,081",1.92,0.50
2019-05-27,中鼎股份,1000887,9.65,9.96,9.59,9.91,0.21,2.16,"58,547","5,743",3.81,0.48
2019-05-24,中鼎股份,1000887,9.65,9.75,9.54,9.70,0.01,0.10,"50,205","4,839",2.17,0.41
2019-05-23,中鼎股份,1000887,9.91,9.93,9.57,9.69,-0.24,-2.42,"59,952","5,831",3.63,0.49
2019-05-22,中鼎股份,1000887,10.05,10.05,9.83,9.93,-0.09,-0.90,"43,436","4,308",2.20,0.36
2019-05-21,中鼎股份,1000887,9.88,10.10,9.80,10.02,0.14,1.42,"54,734","5,466",3.04,0.45
2019-05-20,中鼎股份,1000887,10.12,10.12,9.68,9.88,-0.26,-2.56,"80,287","7,892",4.34,0.66
2019-05-17,中鼎股份,1000887,10.49,10.53,10.10,10.14,-0.41,-3.89,"92,092","9,428",4.08,0.75
2019-05-16,中鼎股份,1000887,10.20,10.55,10.19,10.55,0.33,3.23,"103,882","10,763",3.52,0.85
2019-05-15,中鼎股份,1000887,10.14,10.24,10.05,10.22,0.18,1.79,"57,459","5,830",1.89,0.47
2019-05-14,中鼎股份,1000887,10.02,10.18,10.02,10.04,-0.08,-0.79,"55,566","5,601",1.58,0.46
2019-05-13,中鼎股份,1000887,10.24,10.36,10.06,10.12,-0.27,-2.60,"55,314","5,630",2.89,0.45
2019-05-10,中鼎股份,1000887,10.30,10.47,9.91,10.39,0.22,2.16,"81,392","8,392",5.51,0.67
2019-05-09,中鼎股份,1000887,10.12,10.30,10.12,10.17,-0.01,-0.10,"64,101","6,550",1.77,0.53
2019-05-08,中鼎股份,1000887,10.13,10.44,10.07,10.18,-0.20,-1.93,"89,478","9,165",3.56,0.73
2019-05-07,中鼎股份,1000887,10.40,10.49,10.15,10.38,0.07,0.68,"97,948","10,163",3.30,0.80
2019-05-06,中鼎股份,1000887,11.01,11.02,10.31,10.31,-1.14,-9.96,"136,347","14,379",6.20,1.12
2019-04-30,中鼎股份,1000887,11.50,11.73,11.32,11.45,-0.17,-1.46,"74,516","8,613",3.53,0.61
2019-04-29,中鼎股份,1000887,11.70,11.82,11.52,11.62,-0.08,-0.68,"91,408","10,686",2.56,0.75
2019-04-26,中鼎股份,1000887,11.91,12.04,11.50,11.70,-0.28,-2.34,"107,291","12,580",4.51,0.88
2019-04-25,中鼎股份,1000887,12.15,12.37,11.96,11.98,-0.27,-2.20,"101,692","12,414",3.35,0.83
2019-04-24,中鼎股份,1000887,12.08,12.29,12.01,12.25,0.17,1.41,"93,947","11,451",2.32,0.77
2019-04-23,中鼎股份,1000887,12.63,12.64,12.01,12.08,-0.55,-4.35,"154,132","18,837",4.99,1.26
2019-04-22,中鼎股份,1000887,13.13,13.18,12.52,12.63,-0.46,-3.51,"124,869","15,913",5.04,1.02
2019-04-19,中鼎股份,1000887,13.10,13.24,12.91,13.09,0.00,0.00,"79,399","10,353",2.52,0.65
2019-04-18,中鼎股份,1000887,13.01,13.35,13.01,13.09,0.07,0.54,"125,694","16,593",2.61,1.03
2019-04-17,中鼎股份,1000887,12.75,13.13,12.75,13.02,0.19,1.48,"130,677","16,931",2.96,1.07
2019-04-16,中鼎股份,1000887,12.66,12.85,12.33,12.83,0.08,0.63,"129,332","16,274",4.08,1.06
2019-04-15,中鼎股份,1000887,13.12,13.36,12.71,12.75,-0.16,-1.24,"143,080","18,681",5.03,1.17
2019-04-12,中鼎股份,1000887,13.11,13.49,12.83,12.91,-0.26,-1.97,"151,759","19,822",5.01,1.24
2019-04-11,中鼎股份,1000887,13.43,13.82,13.11,13.17,-0.22,-1.64,"249,114","33,573",5.30,2.04
2019-04-10,中鼎股份,1000887,12.68,13.66,12.56,13.39,0.68,5.35,"302,505","39,926",8.65,2.48
2019-04-09,中鼎股份,1000887,12.90,12.93,12.59,12.71,-0.20,-1.55,"142,291","18,127",2.63,1.17
2019-04-08,中鼎股份,1000887,13.10,13.15,12.66,12.91,-0.05,-0.39,"150,979","19,504",3.78,1.24
2019-04-04,中鼎股份,1000887,13.13,13.17,12.78,12.96,-0.04,-0.31,"160,224","20,806",3.00,1.31
2019-04-03,中鼎股份,1000887,12.63,13.07,12.56,13.00,0.35,2.77,"172,337","22,074",4.03,1.41
2019-04-02,中鼎股份,1000887,12.82,12.86,12.60,12.65,-0.09,-0.71,"147,728","18,782",2.04,1.21
2019-04-01,中鼎股份,1000887,12.40,12.76,12.39,12.74,0.36,2.91,"193,784","24,536",2.99,1.59
2019-09-30,中鼎股份,1000887,8.80,8.84,8.66,8.66,-0.10,-1.14,"52,574","4,589",2.05,0.43
2019-09-27,中鼎股份,1000887,8.75,8.85,8.71,8.76,-0.03,-0.34,"85,569","7,507",1.59,0.70
2019-09-26,中鼎股份,1000887,8.98,9.01,8.77,8.79,-0.20,-2.22,"113,120","10,024",2.67,0.93
2019-09-25,中鼎股份,1000887,9.11,9.13,8.97,8.99,-0.18,-1.96,"100,149","9,023",1.74,0.82
2019-09-24,中鼎股份,1000887,9.10,9.33,9.04,9.17,0.09,0.99,"78,576","7,224",3.19,0.64
2019-09-23,中鼎股份,1000887,9.21,9.23,8.98,9.08,-0.13,-1.41,"77,385","7,003",2.71,0.63
2019-09-20,中鼎股份,1000887,9.31,9.34,9.20,9.21,-0.10,-1.07,"71,309","6,604",1.50,0.58
2019-09-19,中鼎股份,1000887,9.36,9.37,9.20,9.31,0.07,0.76,"58,049","5,382",1.84,0.48
2019-09-18,中鼎股份,1000887,9.42,9.49,9.23,9.24,-0.16,-1.70,"72,472","6,748",2.77,0.59
2019-09-17,中鼎股份,1000887,9.71,9.71,9.34,9.40,-0.35,-3.59,"105,464","9,996",3.79,0.86
2019-09-16,中鼎股份,1000887,9.86,9.99,9.65,9.75,-0.07,-0.71,"86,603","8,466",3.46,0.71
2019-09-12,中鼎股份,1000887,9.86,9.86,9.70,9.82,0.04,0.41,"70,268","6,882",1.64,0.58
2019-09-11,中鼎股份,1000887,10.02,10.02,9.76,9.78,-0.12,-1.21,"99,971","9,847",2.63,0.82
2019-09-10,中鼎股份,1000887,9.85,10.00,9.75,9.90,0.02,0.20,"109,755","10,820",2.53,0.90
2019-09-09,中鼎股份,1000887,9.81,9.94,9.62,9.88,0.16,1.65,"149,125","14,611",3.29,1.22
2019-09-06,中鼎股份,1000887,9.20,9.94,9.12,9.72,0.62,6.81,"209,535","20,079",9.01,1.72
2019-09-05,中鼎股份,1000887,9.07,9.30,9.07,9.10,0.04,0.44,"100,091","9,201",2.54,0.82
2019-09-04,中鼎股份,1000887,8.99,9.06,8.87,9.06,0.06,0.67,"75,202","6,744",2.11,0.62
2019-09-03,中鼎股份,1000887,9.23,9.23,8.94,9.00,-0.13,-1.42,"77,200","6,955",3.18,0.63
2019-09-02,中鼎股份,1000887,9.04,9.20,8.94,9.13,0.14,1.56,"51,776","4,710",2.89,0.42
2019-08-30,中鼎股份,1000887,9.36,9.37,8.93,8.99,-0.26,-2.81,"64,670","5,885",4.76,0.53
2019-08-29,中鼎股份,1000887,9.26,9.34,9.23,9.25,-0.04,-0.43,"60,242","5,598",1.18,0.49
2019-08-28,中鼎股份,1000887,9.32,9.47,9.23,9.29,-0.01,-0.11,"82,951","7,744",2.58,0.68
2019-08-27,中鼎股份,1000887,8.97,9.36,8.91,9.30,0.38,4.26,"92,939","8,574",5.04,0.76
2019-08-26,中鼎股份,1000887,8.71,8.97,8.71,8.92,0.02,0.22,"44,259","3,927",2.92,0.36
2019-08-23,中鼎股份,1000887,8.95,9.01,8.80,8.90,-0.01,-0.11,"46,067","4,110",2.36,0.38
2019-08-22,中鼎股份,1000887,9.05,9.05,8.88,8.91,-0.09,-1.00,"40,002","3,577",1.89,0.33
2019-08-21,中鼎股份,1000887,8.94,9.06,8.88,9.00,0.06,0.67,"46,361","4,164",2.01,0.38
2019-08-20,中鼎股份,1000887,8.83,9.05,8.80,8.94,0.12,1.36,"66,157","5,934",2.83,0.54
2019-08-19,中鼎股份,1000887,8.56,8.84,8.56,8.82,0.31,3.64,"66,031","5,771",3.29,0.54
2019-08-16,中鼎股份,1000887,8.47,8.59,8.47,8.51,0.01,0.12,"53,407","4,560",1.41,0.44
2019-08-15,中鼎股份,1000887,8.45,8.52,8.34,8.50,-0.17,-1.96,"99,650","8,396",2.08,0.82
2019-08-14,中鼎股份,1000887,8.81,8.83,8.65,8.67,-0.02,-0.23,"57,810","5,050",2.07,0.47
2019-08-13,中鼎股份,1000887,8.81,8.85,8.59,8.69,-0.20,-2.25,"81,462","7,060",2.92,0.67
2019-08-12,中鼎股份,1000887,8.84,8.92,8.82,8.89,0.06,0.68,"47,992","4,252",1.13,0.39
2019-08-09,中鼎股份,1000887,9.10,9.10,8.80,8.83,-0.20,-2.21,"52,114","4,663",3.32,0.43
2019-08-08,中鼎股份,1000887,9.10,9.16,9.01,9.03,-0.02,-0.22,"48,388","4,388",1.66,0.40
2019-08-07,中鼎股份,1000887,9.39,9.39,9.04,9.05,-0.14,-1.52,"55,811","5,101",3.81,0.46
2019-08-06,中鼎股份,1000887,9.45,9.59,9.11,9.19,-0.43,-4.47,"74,888","6,962",4.99,0.61
2019-08-05,中鼎股份,1000887,9.80,9.91,9.58,9.62,-0.20,-2.04,"51,110","4,982",3.36,0.42
2019-08-02,中鼎股份,1000887,9.81,9.88,9.73,9.82,-0.13,-1.31,"42,482","4,168",1.51,0.35
2019-08-01,中鼎股份,1000887,9.90,10.00,9.81,9.95,-0.03,-0.30,"35,271","3,505",1.90,0.29
2019-07-31,中鼎股份,1000887,9.97,10.07,9.91,9.98,0.02,0.20,"37,791","3,773",1.61,0.31
2019-07-30,中鼎股份,1000887,9.92,10.09,9.86,9.96,0.07,0.71,"51,683","5,167",2.33,0.42
2019-07-29,中鼎股份,1000887,9.86,9.98,9.82,9.89,-0.01,-0.10,"34,839","3,443",1.62,0.29
2019-07-26,中鼎股份,1000887,9.69,9.90,9.63,9.90,0.21,2.17,"56,791","5,560",2.79,0.47
2019-07-25,中鼎股份,1000887,9.66,9.74,9.61,9.69,0.03,0.31,"29,543","2,858",1.35,0.24
2019-07-24,中鼎股份,1000887,9.55,9.73,9.50,9.66,0.16,1.68,"35,361","3,418",2.42,0.29
2019-07-23,中鼎股份,1000887,9.44,9.52,9.39,9.50,0.08,0.85,"22,569","2,141",1.38,0.18
2019-07-22,中鼎股份,1000887,9.61,9.62,9.33,9.42,-0.13,-1.36,"31,623","2,988",3.04,0.26
2019-07-19,中鼎股份,1000887,9.53,9.68,9.53,9.55,0.04,0.42,"32,184","3,089",1.58,0.26
2019-07-18,中鼎股份,1000887,9.70,9.70,9.50,9.51,-0.24,-2.46,"36,971","3,541",2.05,0.30
2019-07-17,中鼎股份,1000887,9.72,9.82,9.70,9.75,0.00,0.00,"34,087","3,325",1.23,0.28
2019-07-16,中鼎股份,1000887,9.75,9.80,9.70,9.75,0.01,0.10,"25,070","2,444",1.03,0.21
2019-07-15,中鼎股份,1000887,9.69,9.85,9.42,9.74,0.05,0.52,"53,275","5,149",4.44,0.44
2019-07-12,中鼎股份,1000887,9.72,9.79,9.60,9.69,0.06,0.62,"28,479","2,764",1.97,0.23
2019-07-11,中鼎股份,1000887,9.70,9.86,9.59,9.63,0.04,0.42,"48,076","4,676",2.82,0.39
2019-07-10,中鼎股份,1000887,9.77,9.81,9.58,9.59,-0.18,-1.84,"34,868","3,376",2.35,0.29
2019-07-09,中鼎股份,1000887,9.72,9.85,9.68,9.77,0.04,0.41,"40,352","3,937",1.75,0.33
2019-07-08,中鼎股份,1000887,9.98,9.99,9.67,9.73,-0.32,-3.18,"53,622","5,254",3.18,0.44
2019-07-05,中鼎股份,1000887,10.07,10.10,9.93,10.05,0.03,0.30,"42,374","4,238",1.70,0.35
2019-07-04,中鼎股份,1000887,10.20,10.20,9.98,10.02,-0.20,-1.96,"65,858","6,631",2.15,0.54
2019-07-03,中鼎股份,1000887,10.01,10.35,9.93,10.22,0.19,1.89,"100,348","10,203",4.19,0.82
2019-07-02,中鼎股份,1000887,9.85,10.17,9.81,10.03,0.18,1.83,"96,584","9,680",3.65,0.79
2019-07-01,中鼎股份,1000887,9.75,9.89,9.71,9.85,0.26,2.71,"62,501","6,137",1.88,0.51
2019-12-31,中鼎股份,1000887,9.00,9.13,8.87,9.05,0.03,0.33,"179,415","16,142",2.88,1.47
2019-12-30,中鼎股份,1000887,8.55,9.02,8.53,9.02,0.48,5.62,"181,549","16,054",5.74,1.49
2019-12-27,中鼎股份,1000887,8.65,8.77,8.54,8.54,-0.14,-1.61,"78,970","6,852",2.65,0.65
2019-12-26,中鼎股份,1000887,8.70,8.75,8.57,8.68,0.03,0.35,"70,342","6,093",2.08,0.58
2019-12-25,中鼎股份,1000887,8.82,8.82,8.63,8.65,-0.10,-1.14,"73,954","6,431",2.17,0.61
2019-12-24,中鼎股份,1000887,8.55,8.81,8.48,8.75,0.27,3.18,"83,525","7,250",3.89,0.68
2019-12-23,中鼎股份,1000887,8.65,8.72,8.43,8.48,-0.19,-2.19,"93,737","8,023",3.34,0.77
2019-12-20,中鼎股份,1000887,8.78,8.87,8.67,8.67,-0.12,-1.37,"66,649","5,825",2.28,0.55
2019-12-19,中鼎股份,1000887,8.70,8.90,8.63,8.79,0.15,1.74,"102,073","8,961",3.13,0.84
2019-12-18,中鼎股份,1000887,8.68,8.78,8.62,8.64,-0.04,-0.46,"102,439","8,886",1.84,0.84
2019-12-17,中鼎股份,1000887,8.46,8.77,8.40,8.68,0.26,3.09,"140,220","12,076",4.39,1.15
2019-12-16,中鼎股份,1000887,8.21,8.43,8.17,8.42,0.22,2.68,"108,956","9,109",3.17,0.89
2019-12-13,中鼎股份,1000887,8.13,8.20,8.08,8.20,0.13,1.61,"67,200","5,468",1.49,0.55
2019-12-12,中鼎股份,1000887,8.16,8.18,8.07,8.07,-0.09,-1.10,"38,281","3,110",1.35,0.31
2019-12-11,中鼎股份,1000887,8.13,8.16,8.07,8.16,0.03,0.37,"39,351","3,194",1.11,0.32
2019-12-10,中鼎股份,1000887,8.17,8.19,8.09,8.13,-0.03,-0.37,"48,749","3,962",1.23,0.40
2019-12-09,中鼎股份,1000887,8.27,8.29,8.15,8.16,-0.12,-1.45,"56,292","4,617",1.69,0.46
2019-12-06,中鼎股份,1000887,8.30,8.30,8.20,8.28,-0.01,-0.12,"33,643","2,776",1.21,0.28
2019-12-05,中鼎股份,1000887,8.27,8.33,8.22,8.29,0.00,0.00,"57,474","4,757",1.33,0.47
2019-12-04,中鼎股份,1000887,8.13,8.32,8.08,8.29,0.13,1.59,"78,298","6,454",2.94,0.64
2019-12-03,中鼎股份,1000887,8.00,8.17,7.98,8.16,0.10,1.24,"48,424","3,900",2.36,0.40
2019-12-02,中鼎股份,1000887,8.10,8.20,7.99,8.06,-0.02,-0.25,"44,482","3,593",2.60,0.36
2019-11-29,中鼎股份,1000887,8.11,8.17,8.00,8.08,-0.03,-0.37,"38,149","3,075",2.10,0.31
2019-11-28,中鼎股份,1000887,8.07,8.21,8.05,8.11,0.04,0.50,"33,911","2,759",1.98,0.28
2019-11-27,中鼎股份,1000887,8.13,8.18,8.03,8.07,-0.07,-0.86,"39,633","3,207",1.84,0.32
2019-11-26,中鼎股份,1000887,8.22,8.31,8.13,8.14,-0.10,-1.21,"44,598","3,664",2.18,0.37
2019-11-25,中鼎股份,1000887,8.10,8.28,7.98,8.24,0.14,1.73,"71,936","5,874",3.70,0.59
2019-11-22,中鼎股份,1000887,7.94,8.25,7.94,8.10,0.18,2.27,"75,694","6,149",3.91,0.62
2019-11-21,中鼎股份,1000887,7.98,8.01,7.89,7.92,-0.06,-0.75,"33,389","2,652",1.50,0.27
2019-11-20,中鼎股份,1000887,8.10,8.15,7.97,7.98,-0.12,-1.48,"37,939","3,047",2.22,0.31
2019-11-19,中鼎股份,1000887,8.05,8.14,8.03,8.10,0.05,0.62,"43,989","3,558",1.37,0.36
2019-11-18,中鼎股份,1000887,8.16,8.19,8.03,8.05,-0.12,-1.47,"48,705","3,945",1.96,0.40
2019-11-15,中鼎股份,1000887,8.23,8.34,8.12,8.17,-0.11,-1.33,"57,035","4,683",2.66,0.47
2019-11-14,中鼎股份,1000887,8.17,8.34,8.17,8.28,0.06,0.73,"77,477","6,401",2.07,0.63
2019-11-13,中鼎股份,1000887,7.85,8.23,7.81,8.22,0.38,4.85,"127,142","10,331",5.36,1.04
2019-11-12,中鼎股份,1000887,7.89,7.89,7.74,7.84,-0.01,-0.13,"55,203","4,312",1.91,0.45
2019-11-11,中鼎股份,1000887,8.06,8.08,7.85,7.85,-0.24,-2.97,"73,535","5,840",2.84,0.60
2019-11-08,中鼎股份,1000887,8.10,8.17,8.05,8.09,0.04,0.50,"70,237","5,700",1.49,0.58
2019-11-07,中鼎股份,1000887,8.02,8.14,8.00,8.05,0.02,0.25,"65,699","5,300",1.74,0.54
2019-11-06,中鼎股份,1000887,8.20,8.25,7.96,8.03,-0.19,-2.31,"99,186","8,014",3.53,0.81
2019-11-05,中鼎股份,1000887,8.34,8.38,8.16,8.22,-0.12,-1.44,"97,407","8,016",2.64,0.80
2019-11-04,中鼎股份,1000887,8.56,8.56,8.33,8.34,-0.18,-2.11,"89,803","7,557",2.70,0.74
2019-11-01,中鼎股份,1000887,8.50,8.59,8.45,8.52,-0.07,-0.81,"53,230","4,524",1.63,0.44
2019-10-31,中鼎股份,1000887,8.68,8.71,8.54,8.59,-0.09,-1.04,"49,325","4,244",1.96,0.40
2019-10-30,中鼎股份,1000887,8.46,8.72,8.42,8.68,0.15,1.76,"77,014","6,610",3.52,0.63
2019-10-29,中鼎股份,1000887,8.72,8.74,8.53,8.53,-0.18,-2.07,"37,082","3,190",2.41,0.30
2019-10-28,中鼎股份,1000887,8.59,8.79,8.58,8.71,0.09,1.04,"59,033","5,139",2.44,0.48
2019-10-25,中鼎股份,1000887,8.48,8.67,8.45,8.62,0.13,1.53,"40,588","3,480",2.59,0.33
2019-10-24,中鼎股份,1000887,8.53,8.56,8.45,8.49,-0.04,-0.47,"36,655","3,114",1.29,0.30
2019-10-23,中鼎股份,1000887,8.54,8.64,8.52,8.53,0.00,0.00,"38,667","3,313",1.41,0.32
2019-10-22,中鼎股份,1000887,8.40,8.54,8.40,8.53,0.12,1.43,"36,122","3,060",1.66,0.30
2019-10-21,中鼎股份,1000887,8.48,8.50,8.31,8.41,-0.13,-1.52,"51,649","4,341",2.22,0.42
2019-10-18,中鼎股份,1000887,8.56,8.65,8.41,8.54,-0.02,-0.23,"66,466","5,661",2.80,0.54
2019-10-17,中鼎股份,1000887,8.57,8.62,8.47,8.56,0.03,0.35,"37,323","3,186",1.76,0.31
2019-10-16,中鼎股份,1000887,8.77,8.83,8.52,8.53,-0.23,-2.63,"94,512","8,172",3.54,0.77
2019-10-15,中鼎股份,1000887,8.95,8.95,8.70,8.76,-0.17,-1.90,"74,940","6,595",2.80,0.61
2019-10-14,中鼎股份,1000887,8.88,9.02,8.85,8.93,0.15,1.71,"83,251","7,445",1.94,0.68
2019-10-11,中鼎股份,1000887,8.83,8.83,8.69,8.78,0.01,0.11,"56,131","4,920",1.60,0.46
2019-10-10,中鼎股份,1000887,8.75,8.82,8.71,8.77,0.03,0.34,"63,942","5,607",1.26,0.52
2019-10-09,中鼎股份,1000887,8.70,8.83,8.63,8.74,0.04,0.46,"66,748","5,831",2.30,0.55
2019-10-08,中鼎股份,1000887,8.62,8.93,8.62,8.70,0.04,0.46,"66,100","5,799",3.58,0.54
2020-12-31,中鼎股份,1000887,11.42,12.45,11.40,11.71,0.34,2.99,"298,647","35,542",9.23,2.45
2020-12-30,中鼎股份,1000887,11.37,11.58,11.28,11.37,-0.08,-0.70,"219,894","25,136",2.62,1.80
2020-12-29,中鼎股份,1000887,11.85,11.95,11.42,11.45,-0.50,-4.18,"252,757","29,248",4.44,2.07
2020-12-28,中鼎股份,1000887,12.00,12.29,11.84,11.95,0.14,1.19,"236,775","28,547",3.81,1.94
2020-12-25,中鼎股份,1000887,11.84,12.02,11.22,11.81,-0.19,-1.58,"290,552","33,904",6.67,2.38
2020-12-24,中鼎股份,1000887,11.96,12.25,11.83,12.00,-0.01,-0.08,"199,644","23,995",3.50,1.64
2020-12-23,中鼎股份,1000887,12.18,12.50,11.90,12.01,-0.12,-0.99,"314,836","38,309",4.95,2.58
2020-12-22,中鼎股份,1000887,12.83,12.91,12.06,12.13,-0.84,-6.48,"365,203","45,530",6.55,2.99
2020-12-21,中鼎股份,1000887,12.57,13.04,12.52,12.97,0.30,2.37,"297,390","38,285",4.10,2.44
2020-12-18,中鼎股份,1000887,12.59,12.92,12.53,12.67,0.11,0.88,"215,688","27,442",3.11,1.77
2020-12-17,中鼎股份,1000887,12.54,12.67,12.30,12.56,-0.03,-0.24,"210,225","26,289",2.94,1.72
2020-12-16,中鼎股份,1000887,12.57,12.84,12.53,12.59,0.19,1.53,"314,695","39,854",2.50,2.58
2020-12-15,中鼎股份,1000887,12.10,12.49,11.90,12.40,0.58,4.91,"315,457","38,488",4.99,2.58
2020-12-14,中鼎股份,1000887,11.73,11.87,11.57,11.82,0.05,0.42,"139,270","16,369",2.55,1.14
2020-12-11,中鼎股份,1000887,11.99,12.15,11.59,11.77,-0.23,-1.92,"185,165","21,856",4.67,1.52
2020-12-10,中鼎股份,1000887,11.93,12.17,11.88,12.00,0.03,0.25,"148,930","17,899",2.42,1.22
2020-12-09,中鼎股份,1000887,12.33,12.53,11.97,11.97,-0.39,-3.16,"237,745","28,930",4.53,1.95
2020-12-08,中鼎股份,1000887,12.55,12.70,12.35,12.36,-0.15,-1.20,"172,574","21,530",2.80,1.41
2020-12-07,中鼎股份,1000887,12.40,12.61,12.22,12.51,0.07,0.56,"195,196","24,328",3.14,1.60
2020-12-04,中鼎股份,1000887,12.40,12.53,12.22,12.44,0.10,0.81,"183,152","22,676",2.51,1.50
2020-12-03,中鼎股份,1000887,12.64,12.65,11.73,12.34,-0.29,-2.30,"517,326","63,050",7.28,4.24
2020-12-02,中鼎股份,1000887,13.25,13.31,12.62,12.63,-0.60,-4.54,"341,637","43,963",5.22,2.80
2020-12-01,中鼎股份,1000887,12.85,13.33,12.68,13.23,0.38,2.96,"328,090","42,857",5.06,2.69
2020-11-30,中鼎股份,1000887,13.09,13.35,12.80,12.85,-0.21,-1.61,"260,884","34,018",4.21,2.14
2020-11-27,中鼎股份,1000887,13.20,13.33,12.82,13.06,-0.12,-0.91,"252,272","32,920",3.87,2.07
2020-11-26,中鼎股份,1000887,13.49,13.63,13.01,13.18,-0.38,-2.80,"361,602","47,951",4.57,2.96
2020-11-25,中鼎股份,1000887,13.93,14.08,13.56,13.56,-0.18,-1.31,"382,124","52,802",3.78,3.13
2020-11-24,中鼎股份,1000887,14.26,14.35,13.70,13.74,-0.47,-3.31,"494,433","68,942",4.57,4.05
2020-11-23,中鼎股份,1000887,14.30,14.69,14.11,14.21,0.26,1.86,"751,502","107,940",4.16,6.16
2020-11-20,中鼎股份,1000887,12.55,13.95,12.49,13.95,1.27,10.02,"537,485","72,375",11.51,4.40
2020-11-19,中鼎股份,1000887,12.96,12.98,12.23,12.68,-0.20,-1.55,"378,357","47,656",5.82,3.10
2020-11-18,中鼎股份,1000887,12.80,12.97,12.52,12.88,0.09,0.70,"301,209","38,350",3.52,2.47
2020-11-17,中鼎股份,1000887,12.69,12.99,12.53,12.79,-0.05,-0.39,"343,164","43,731",3.58,2.81
2020-11-16,中鼎股份,1000887,12.12,13.08,11.86,12.84,0.73,6.03,"510,821","64,220",10.07,4.18
2020-11-13,中鼎股份,1000887,11.75,12.55,11.65,12.11,0.42,3.59,"408,771","49,913",7.70,3.35
2020-11-12,中鼎股份,1000887,11.83,11.93,11.50,11.69,0.00,0.00,"243,421","28,526",3.68,1.99
2020-11-11,中鼎股份,1000887,12.00,12.14,11.68,11.69,-0.28,-2.34,"242,506","28,754",3.84,1.99
2020-11-10,中鼎股份,1000887,12.06,12.29,11.84,11.97,0.06,0.50,"311,414","37,572",3.78,2.55
2020-11-09,中鼎股份,1000887,12.13,12.13,11.82,11.91,-0.07,-0.58,"297,402","35,603",2.59,2.44
2020-11-06,中鼎股份,1000887,12.00,12.38,11.75,11.98,-0.11,-0.91,"338,613","40,703",5.21,2.77
2020-11-05,中鼎股份,1000887,11.83,12.13,11.70,12.09,0.46,3.96,"384,817","45,944",3.70,3.15
2020-11-04,中鼎股份,1000887,11.33,11.92,11.30,11.63,0.25,2.20,"334,778","39,012",5.45,2.74
2020-11-03,中鼎股份,1000887,11.47,11.65,11.28,11.38,0.01,0.09,"300,642","34,363",3.25,2.46
2020-11-02,中鼎股份,1000887,11.20,11.52,11.10,11.37,0.34,3.08,"387,058","43,867",3.81,3.17
2020-10-30,中鼎股份,1000887,11.42,11.54,11.02,11.03,-0.25,-2.22,"381,198","43,039",4.61,3.12
2020-10-29,中鼎股份,1000887,10.34,11.45,10.31,11.28,0.78,7.43,"492,582","54,446",10.86,4.03
2020-10-28,中鼎股份,1000887,10.24,10.53,10.00,10.50,0.26,2.54,"178,555","18,406",5.18,1.46
2020-10-27,中鼎股份,1000887,10.26,10.54,10.13,10.24,-0.08,-0.78,"138,171","14,239",3.97,1.13
2020-10-26,中鼎股份,1000887,10.26,10.47,10.05,10.32,0.06,0.58,"116,730","12,000",4.09,0.96
2020-10-23,中鼎股份,1000887,10.77,10.82,10.18,10.26,-0.43,-4.02,"214,102","22,321",5.99,1.75
2020-10-22,中鼎股份,1000887,11.17,11.17,10.62,10.69,-0.48,-4.30,"254,548","27,404",4.92,2.09
2020-10-21,中鼎股份,1000887,11.29,11.55,11.04,11.17,-0.16,-1.41,"203,067","22,878",4.50,1.66
2020-10-20,中鼎股份,1000887,10.85,11.35,10.73,11.33,0.43,3.95,"193,920","21,612",5.69,1.59
2020-10-19,中鼎股份,1000887,11.03,11.25,10.87,10.90,-0.13,-1.18,"144,681","15,966",3.45,1.19
2020-10-16,中鼎股份,1000887,11.35,11.40,10.92,11.03,-0.27,-2.39,"201,282","22,288",4.25,1.65
2020-10-15,中鼎股份,1000887,11.40,11.69,11.28,11.30,0.10,0.89,"324,091","37,095",3.66,2.65
2020-10-14,中鼎股份,1000887,11.46,11.53,11.15,11.20,-0.24,-2.10,"196,567","22,105",3.32,1.61
2020-10-13,中鼎股份,1000887,11.42,11.56,11.20,11.44,0.02,0.18,"246,711","28,166",3.15,2.02
2020-10-12,中鼎股份,1000887,11.30,11.70,11.18,11.42,0.30,2.70,"386,550","44,387",4.68,3.17
2020-10-09,中鼎股份,1000887,10.80,11.27,10.64,11.12,0.75,7.23,"218,278","24,163",6.08,1.79
2020-03-31,中鼎股份,1000887,8.80,9.67,8.56,9.29,0.09,0.98,"1,064,324","96,199",12.07,8.72
2020-03-30,中鼎股份,1000887,9.48,10.18,8.98,9.20,-0.10,-1.08,"1,631,681","158,381",12.90,13.37
2020-03-27,中鼎股份,1000887,9.30,9.30,8.95,9.30,0.85,10.06,"1,168,936","107,040",4.14,9.58
2020-03-26,中鼎股份,1000887,8.45,8.45,8.45,8.45,0.77,10.03,"77,146","6,519",0.00,0.63
2020-03-25,中鼎股份,1000887,7.68,7.76,7.56,7.68,0.18,2.40,"249,857","19,148",2.67,2.05
2020-03-24,中鼎股份,1000887,7.57,7.62,7.29,7.50,0.06,0.81,"193,988","14,502",4.44,1.59
2020-03-23,中鼎股份,1000887,7.75,7.82,7.40,7.44,-0.61,-7.58,"231,657","17,643",5.22,1.90
2020-03-20,中鼎股份,1000887,8.15,8.20,7.98,8.05,-0.01,-0.12,"163,900","13,228",2.73,1.34
2020-03-19,中鼎股份,1000887,8.14,8.19,7.86,8.06,-0.07,-0.86,"177,212","14,206",4.06,1.45
2020-03-18,中鼎股份,1000887,8.32,8.50,8.12,8.13,-0.14,-1.69,"158,856","13,197",4.59,1.30
2020-03-17,中鼎股份,1000887,8.48,8.66,8.12,8.27,-0.16,-1.90,"178,104","14,792",6.41,1.46
2020-03-16,中鼎股份,1000887,8.89,8.93,8.40,8.43,-0.40,-4.53,"184,599","15,968",6.00,1.51
2020-03-13,中鼎股份,1000887,8.60,8.96,8.40,8.83,-0.26,-2.86,"199,706","17,453",6.16,1.64
2020-03-12,中鼎股份,1000887,9.25,9.27,8.99,9.09,-0.30,-3.19,"184,604","16,805",2.98,1.51
2020-03-11,中鼎股份,1000887,9.70,9.77,9.35,9.39,-0.41,-4.18,"249,420","23,857",4.29,2.04
2020-03-10,中鼎股份,1000887,9.02,9.80,8.98,9.80,0.63,6.87,"311,309","29,197",8.94,2.55
2020-03-09,中鼎股份,1000887,9.46,9.53,9.07,9.17,-0.51,-5.27,"210,975","19,585",4.75,1.73
2020-03-06,中鼎股份,1000887,9.64,9.80,9.57,9.68,-0.09,-0.92,"129,062","12,477",2.35,1.06
2020-03-05,中鼎股份,1000887,9.80,9.86,9.64,9.77,0.10,1.03,"161,497","15,726",2.28,1.32
2020-03-04,中鼎股份,1000887,9.54,9.74,9.46,9.67,0.02,0.21,"137,090","13,163",2.90,1.12
2020-03-03,中鼎股份,1000887,9.80,9.93,9.55,9.65,0.10,1.05,"193,655","18,914",3.98,1.59
2020-03-02,中鼎股份,1000887,9.40,9.66,9.37,9.55,0.29,3.13,"191,376","18,220",3.13,1.57
2020-02-28,中鼎股份,1000887,9.79,9.94,9.24,9.26,-0.91,-8.95,"320,552","30,738",6.88,2.63
2020-02-27,中鼎股份,1000887,10.70,10.80,10.09,10.17,-0.23,-2.21,"381,124","39,239",6.83,3.12
2020-02-26,中鼎股份,1000887,10.15,11.06,10.10,10.40,0.11,1.07,"522,569","55,909",9.33,4.28
2020-02-25,中鼎股份,1000887,10.14,10.41,9.75,10.29,-0.19,-1.81,"422,660","42,768",6.30,3.46
2020-02-24,中鼎股份,1000887,10.48,10.57,10.33,10.48,-0.02,-0.19,"343,914","35,960",2.29,2.82
2020-02-21,中鼎股份,1000887,10.14,10.57,10.08,10.50,0.27,2.64,"358,380","37,120",4.79,2.94
2020-02-20,中鼎股份,1000887,10.05,10.26,9.94,10.23,0.22,2.20,"256,540","26,001",3.20,2.10
2020-02-19,中鼎股份,1000887,10.43,10.55,9.99,10.01,-0.35,-3.38,"332,935","33,906",5.41,2.73
2020-02-18,中鼎股份,1000887,10.47,10.64,10.26,10.36,-0.15,-1.43,"316,341","32,859",3.62,2.59
2020-02-17,中鼎股份,1000887,10.28,10.60,10.15,10.51,0.14,1.35,"325,957","33,960",4.34,2.67
2020-02-14,中鼎股份,1000887,10.03,10.49,9.88,10.37,0.36,3.60,"366,669","37,417",6.09,3.00
2020-02-13,中鼎股份,1000887,10.05,10.18,9.78,10.01,0.02,0.20,"250,415","24,996",4.00,2.05
2020-02-12,中鼎股份,1000887,9.69,10.18,9.62,9.99,0.30,3.10,"231,183","22,979",5.78,1.89
2020-02-11,中鼎股份,1000887,10.00,10.00,9.65,9.69,-0.35,-3.49,"216,831","21,232",3.49,1.78
2020-02-10,中鼎股份,1000887,9.30,10.14,9.30,10.04,0.63,6.70,"344,594","33,697",8.93,2.82
2020-02-07,中鼎股份,1000887,9.19,9.54,9.05,9.41,0.19,2.06,"236,770","22,116",5.31,1.94
2020-02-06,中鼎股份,1000887,8.99,9.32,8.96,9.22,0.05,0.55,"233,970","21,434",3.93,1.92
2020-02-05,中鼎股份,1000887,9.04,9.46,8.90,9.17,0.42,4.80,"293,780","27,077",6.40,2.41
2020-02-04,中鼎股份,1000887,8.13,8.92,8.13,8.75,0.24,2.82,"219,039","19,062",9.28,1.79
2020-02-03,中鼎股份,1000887,8.51,8.51,8.51,8.51,-0.95,-10.04,"55,480","4,721",0.00,0.45
2020-01-23,中鼎股份,1000887,9.90,10.00,9.31,9.46,-0.59,-5.87,"235,975","22,794",6.87,1.93
2020-01-22,中鼎股份,1000887,9.78,10.15,9.61,10.05,0.21,2.13,"214,293","21,262",5.49,1.76
2020-01-21,中鼎股份,1000887,10.04,10.07,9.77,9.84,-0.26,-2.57,"168,455","16,685",2.97,1.38
2020-01-20,中鼎股份,1000887,9.98,10.16,9.80,10.10,0.12,1.20,"173,314","17,352",3.61,1.42
2020-01-17,中鼎股份,1000887,10.27,10.35,9.93,9.98,-0.23,-2.25,"272,453","27,493",4.11,2.23
2020-01-16,中鼎股份,1000887,10.42,10.45,10.10,10.21,-0.18,-1.73,"223,003","22,898",3.37,1.83
2020-01-15,中鼎股份,1000887,10.45,10.68,10.27,10.39,-0.16,-1.52,"240,234","25,028",3.89,1.97
2020-01-14,中鼎股份,1000887,10.78,11.34,10.48,10.55,0.04,0.38,"457,864","49,780",8.18,3.75
2020-01-13,中鼎股份,1000887,10.38,10.65,10.25,10.51,0.25,2.44,"286,873","30,009",3.90,2.35
2020-01-10,中鼎股份,1000887,10.70,10.70,10.20,10.26,-0.45,-4.20,"358,089","37,225",4.67,2.93
2020-01-09,中鼎股份,1000887,11.30,11.30,10.52,10.71,-0.21,-1.92,"572,826","62,078",7.14,4.69
2020-01-08,中鼎股份,1000887,9.98,10.92,9.90,10.92,0.99,9.97,"699,383","74,918",10.27,5.73
2020-01-07,中鼎股份,1000887,9.86,10.20,9.82,9.93,-0.06,-0.60,"262,395","26,211",3.80,2.15
2020-01-06,中鼎股份,1000887,9.68,10.30,9.67,9.99,0.54,5.71,"409,346","40,896",6.67,3.35
2020-01-03,中鼎股份,1000887,9.12,9.62,9.08,9.45,0.34,3.73,"206,232","19,300",5.93,1.69
2020-01-02,中鼎股份,1000887,9.10,9.34,9.10,9.11,0.06,0.66,"180,426","16,592",2.65,1.48
2020-06-30,中鼎股份,1000887,7.83,7.93,7.83,7.85,0.05,0.64,"121,726","9,585",1.28,1.00
2020-06-29,中鼎股份,1000887,7.88,7.89,7.74,7.80,-0.14,-1.76,"134,121","10,479",1.89,1.10
2020-06-24,中鼎股份,1000887,8.08,8.08,7.93,7.94,-0.15,-1.85,"143,155","11,417",1.85,1.17
2020-06-23,中鼎股份,1000887,8.26,8.28,8.04,8.09,-0.13,-1.58,"164,671","13,358",2.92,1.35
2020-06-22,中鼎股份,1000887,8.10,8.29,8.08,8.22,0.12,1.48,"215,252","17,683",2.59,1.76
2020-06-19,中鼎股份,1000887,8.09,8.13,8.02,8.10,0.00,0.00,"166,786","13,499",1.36,1.37
2020-06-18,中鼎股份,1000887,7.96,8.10,7.90,8.10,0.14,1.76,"183,515","14,719",2.51,1.50
2020-06-17,中鼎股份,1000887,8.05,8.05,7.88,7.96,-0.08,-1.00,"155,340","12,340",2.11,1.27
2020-06-16,中鼎股份,1000887,7.96,8.05,7.93,8.04,0.14,1.77,"144,924","11,596",1.52,1.19
2020-06-15,中鼎股份,1000887,7.91,8.02,7.82,7.90,0.00,0.00,"155,491","12,341",2.53,1.27
2020-06-12,中鼎股份,1000887,7.80,7.97,7.76,7.90,-0.10,-1.25,"149,507","11,793",2.63,1.22
2020-06-11,中鼎股份,1000887,7.98,8.18,7.96,8.00,0.08,1.01,"254,406","20,532",2.78,2.08
2020-06-10,中鼎股份,1000887,8.02,8.03,7.86,7.92,-0.10,-1.25,"122,755","9,718",2.12,1.01
2020-06-09,中鼎股份,1000887,8.05,8.14,7.98,8.02,-0.04,-0.50,"148,177","11,907",1.99,1.21
2020-06-08,中鼎股份,1000887,7.98,8.07,7.90,8.06,0.16,2.03,"205,295","16,442",2.15,1.68
2020-06-05,中鼎股份,1000887,7.99,8.01,7.83,7.90,-0.10,-1.25,"129,389","10,238",2.25,1.06
2020-06-04,中鼎股份,1000887,7.94,8.16,7.86,8.00,0.11,1.39,"251,542","20,213",3.80,2.06
2020-06-03,中鼎股份,1000887,8.02,8.05,7.88,7.89,-0.11,-1.38,"214,655","17,095",2.13,1.76
2020-06-02,中鼎股份,1000887,7.87,8.02,7.86,8.00,0.15,1.91,"255,192","20,270",2.04,2.09
2020-06-01,中鼎股份,1000887,7.69,7.87,7.69,7.85,0.18,2.35,"204,498","15,962",2.35,1.68
2020-05-29,中鼎股份,1000887,7.67,7.73,7.61,7.67,0.01,0.13,"100,190","7,700",1.57,0.82
2020-05-28,中鼎股份,1000887,7.78,7.79,7.61,7.66,-0.14,-1.79,"129,312","9,944",2.31,1.06
2020-05-27,中鼎股份,1000887,7.66,7.86,7.58,7.80,0.13,1.69,"183,881","14,196",3.65,1.51
2020-05-26,中鼎股份,1000887,7.60,7.69,7.57,7.67,0.11,1.46,"132,597","10,137",1.59,1.09
2020-05-25,中鼎股份,1000887,7.55,7.60,7.44,7.56,-0.03,-0.40,"114,439","8,605",2.11,0.94
2020-05-22,中鼎股份,1000887,7.86,7.86,7.52,7.59,-0.28,-3.56,"285,666","21,817",4.32,2.34
2020-05-21,中鼎股份,1000887,7.67,8.09,7.67,7.87,0.31,4.10,"443,701","35,122",5.56,3.63
2020-05-20,中鼎股份,1000887,7.56,7.69,7.55,7.56,-0.03,-0.40,"125,393","9,549",1.84,1.03
2020-05-19,中鼎股份,1000887,7.70,7.75,7.57,7.59,0.01,0.13,"118,684","9,049",2.37,0.97
2020-05-18,中鼎股份,1000887,7.65,7.69,7.51,7.58,-0.08,-1.04,"117,160","8,917",2.35,0.96
2020-05-15,中鼎股份,1000887,7.68,7.72,7.57,7.66,-0.01,-0.13,"135,765","10,386",1.96,1.11
2020-05-14,中鼎股份,1000887,7.89,7.90,7.65,7.67,-0.16,-2.04,"182,759","14,152",3.19,1.50
2020-05-13,中鼎股份,1000887,7.80,7.90,7.74,7.83,-0.04,-0.51,"128,191","10,010",2.03,1.05
2020-05-12,中鼎股份,1000887,7.98,7.99,7.77,7.87,-0.10,-1.25,"156,321","12,297",2.76,1.28
2020-05-11,中鼎股份,1000887,8.10,8.18,7.92,7.97,0.17,2.18,"341,990","27,449",3.33,2.80
2020-05-08,中鼎股份,1000887,7.72,7.92,7.71,7.80,0.12,1.56,"235,567","18,365",2.73,1.93
2020-05-07,中鼎股份,1000887,7.76,7.82,7.68,7.68,-0.12,-1.54,"189,423","14,652",1.79,1.55
2020-05-06,中鼎股份,1000887,7.55,7.83,7.52,7.80,0.09,1.17,"237,017","18,249",4.02,1.94
2020-04-30,中鼎股份,1000887,7.50,7.77,7.50,7.71,0.26,3.49,"255,630","19,604",3.62,2.09
2020-04-29,中鼎股份,1000887,7.34,7.55,7.30,7.45,0.05,0.68,"160,015","11,928",3.38,1.31
2020-04-28,中鼎股份,1000887,7.61,7.62,7.14,7.40,-0.16,-2.12,"257,282","18,968",6.35,2.11
2020-04-27,中鼎股份,1000887,7.73,7.77,7.54,7.56,-0.13,-1.69,"183,843","14,082",2.99,1.51
2020-04-24,中鼎股份,1000887,7.98,7.98,7.68,7.69,-0.35,-4.35,"297,042","23,203",3.73,2.43
2020-04-23,中鼎股份,1000887,8.04,8.15,7.99,8.04,0.06,0.75,"323,770","26,126",2.01,2.65
2020-04-22,中鼎股份,1000887,7.90,8.05,7.77,7.98,0.00,0.00,"292,852","23,172",3.51,2.40
2020-04-21,中鼎股份,1000887,8.03,8.18,7.88,7.98,-0.31,-3.74,"428,712","34,167",3.62,3.51
2020-04-20,中鼎股份,1000887,8.25,8.34,8.13,8.29,0.04,0.48,"259,718","21,433",2.55,2.13
2020-04-17,中鼎股份,1000887,8.38,8.51,8.22,8.25,-0.14,-1.67,"331,832","27,745",3.46,2.72
2020-04-16,中鼎股份,1000887,8.23,8.43,8.15,8.39,0.03,0.36,"392,722","32,536",3.35,3.22
2020-04-15,中鼎股份,1000887,8.48,8.65,8.35,8.36,-0.09,-1.07,"406,707","34,558",3.55,3.33
2020-04-14,中鼎股份,1000887,8.41,8.49,8.32,8.45,0.15,1.81,"327,134","27,560",2.05,2.68
2020-04-13,中鼎股份,1000887,8.61,8.63,8.25,8.30,-0.50,-5.68,"471,528","39,676",4.32,3.86
2020-04-10,中鼎股份,1000887,9.25,9.30,8.79,8.80,-0.51,-5.48,"606,477","54,656",5.48,4.97
2020-04-09,中鼎股份,1000887,9.16,9.43,8.96,9.31,0.03,0.32,"788,745","72,604",5.06,6.46
2020-04-08,中鼎股份,1000887,9.63,9.63,9.11,9.28,-0.55,-5.60,"1,149,965","107,082",5.29,9.42
2020-04-07,中鼎股份,1000887,10.15,10.28,9.73,9.83,0.05,0.51,"1,344,575","133,631",5.62,11.01
2020-04-03,中鼎股份,1000887,9.45,10.15,9.39,9.78,0.12,1.24,"1,277,820","126,298",7.87,10.47
2020-04-02,中鼎股份,1000887,9.44,9.84,9.23,9.66,-0.08,-0.82,"1,130,350","108,032",6.26,9.26
2020-04-01,中鼎股份,1000887,9.09,9.93,8.99,9.74,0.45,4.84,"1,226,631","116,135",10.12,10.05
2020-09-30,中鼎股份,1000887,10.60,10.60,10.32,10.37,-0.17,-1.61,"102,097","10,668",2.66,0.84
2020-09-29,中鼎股份,1000887,10.09,10.69,10.03,10.54,0.51,5.08,"163,266","17,029",6.58,1.34
2020-09-28,中鼎股份,1000887,10.22,10.31,9.95,10.03,-0.21,-2.05,"109,767","11,044",3.52,0.90
2020-09-25,中鼎股份,1000887,10.32,10.32,10.05,10.24,0.00,0.00,"112,612","11,477",2.64,0.92
2020-09-24,中鼎股份,1000887,10.71,10.73,10.23,10.24,-0.49,-4.57,"222,353","23,143",4.66,1.82
2020-09-23,中鼎股份,1000887,10.97,11.03,10.68,10.73,-0.14,-1.29,"164,982","17,812",3.22,1.35
2020-09-22,中鼎股份,1000887,11.20,11.28,10.80,10.87,-0.39,-3.46,"231,016","25,434",4.26,1.89
2020-09-21,中鼎股份,1000887,11.22,11.97,11.15,11.26,0.00,0.00,"242,463","27,921",7.28,1.99
2020-09-18,中鼎股份,1000887,11.30,11.36,10.88,11.26,0.11,0.99,"234,114","26,024",4.30,1.92
2020-09-17,中鼎股份,1000887,10.78,11.26,10.67,11.15,0.37,3.43,"327,766","36,019",5.47,2.68
2020-09-16,中鼎股份,1000887,10.36,10.85,10.31,10.78,0.39,3.75,"274,682","29,356",5.20,2.25
2020-09-15,中鼎股份,1000887,10.27,10.45,10.14,10.39,0.07,0.68,"156,402","16,117",3.00,1.28
2020-09-14,中鼎股份,1000887,10.38,10.55,10.18,10.32,0.18,1.78,"210,361","21,805",3.65,1.72
2020-09-11,中鼎股份,1000887,9.99,10.23,9.96,10.14,0.09,0.90,"168,867","17,088",2.69,1.38
2020-09-10,中鼎股份,1000887,10.57,10.62,10.01,10.05,-0.39,-3.74,"202,285","20,866",5.84,1.66
2020-09-09,中鼎股份,1000887,10.51,11.04,10.34,10.44,-0.19,-1.79,"266,589","28,390",6.59,2.18
2020-09-08,中鼎股份,1000887,10.45,10.80,10.26,10.63,0.39,3.81,"230,606","24,256",5.27,1.89
2020-09-07,中鼎股份,1000887,10.56,10.68,10.24,10.24,-0.38,-3.58,"160,059","16,726",4.14,1.31
2020-09-04,中鼎股份,1000887,10.40,10.65,10.15,10.62,-0.08,-0.75,"230,696","24,089",4.67,1.89
2020-09-03,中鼎股份,1000887,11.22,11.22,10.60,10.70,-0.38,-3.43,"264,293","28,477",5.60,2.16
2020-09-02,中鼎股份,1000887,11.34,11.44,11.00,11.08,-0.24,-2.12,"231,154","25,751",3.89,1.89
2020-09-01,中鼎股份,1000887,11.01,11.45,10.92,11.32,0.33,3.00,"272,412","30,543",4.82,2.23
2020-08-31,中鼎股份,1000887,11.10,11.39,10.92,10.99,-0.08,-0.72,"269,320","30,151",4.25,2.21
2020-08-28,中鼎股份,1000887,11.00,11.13,10.74,11.07,0.07,0.64,"257,078","28,165",3.55,2.11
2020-08-27,中鼎股份,1000887,11.45,11.75,10.79,11.00,-0.25,-2.22,"350,036","38,842",8.53,2.87
2020-08-26,中鼎股份,1000887,11.85,11.90,11.20,11.25,-0.55,-4.66,"329,190","37,686",5.93,2.70
2020-08-25,中鼎股份,1000887,12.27,12.27,11.57,11.80,-0.47,-3.83,"303,508","36,051",5.71,2.49
2020-08-24,中鼎股份,1000887,12.00,12.66,11.89,12.27,0.38,3.20,"372,409","45,794",6.48,3.05
2020-08-21,中鼎股份,1000887,11.90,12.23,11.81,11.89,0.10,0.85,"298,613","35,799",3.56,2.45
2020-08-20,中鼎股份,1000887,11.75,12.50,11.70,11.79,-0.21,-1.75,"405,662","48,789",6.67,3.32
2020-08-19,中鼎股份,1000887,12.56,12.57,11.98,12.00,-0.53,-4.23,"493,351","60,140",4.71,4.04
2020-08-18,中鼎股份,1000887,12.50,12.87,12.16,12.53,0.08,0.64,"766,276","96,011",5.70,6.28
2020-08-17,中鼎股份,1000887,11.03,12.45,11.03,12.45,1.13,9.98,"750,776","88,806",12.54,6.15
2020-08-14,中鼎股份,1000887,11.45,11.79,11.17,11.32,0.48,4.43,"689,986","78,893",5.72,5.65
2020-08-13,中鼎股份,1000887,10.90,11.28,10.73,10.84,0.16,1.50,"352,457","38,547",5.15,2.89
2020-08-12,中鼎股份,1000887,11.16,11.27,10.49,10.68,-0.50,-4.47,"589,229","63,496",6.98,4.83
2020-08-11,中鼎股份,1000887,11.62,11.67,11.02,11.18,-0.28,-2.44,"438,874","49,960",5.67,3.59
2020-08-10,中鼎股份,1000887,11.18,11.76,11.05,11.46,0.17,1.51,"497,717","56,741",6.29,4.08
2020-08-07,中鼎股份,1000887,11.21,11.65,11.01,11.29,0.01,0.09,"634,182","71,730",5.67,5.19
2020-08-06,中鼎股份,1000887,11.77,11.97,11.15,11.28,-0.52,-4.41,"823,514","94,404",6.95,6.75
2020-08-05,中鼎股份,1000887,11.45,12.08,11.10,11.80,0.45,3.96,"1,110,073","129,224",8.63,9.09
2020-08-04,中鼎股份,1000887,10.45,11.35,10.29,11.35,1.03,9.98,"1,021,076","110,250",10.27,8.36
2020-08-03,中鼎股份,1000887,9.55,10.32,9.50,10.32,0.94,10.02,"725,178","72,975",8.74,5.94
2020-07-31,中鼎股份,1000887,9.30,9.40,9.03,9.38,0.09,0.97,"451,738","41,731",3.98,3.70
2020-07-30,中鼎股份,1000887,8.90,9.51,8.88,9.29,0.41,4.62,"618,414","57,564",7.09,5.07
2020-07-29,中鼎股份,1000887,8.94,8.94,8.62,8.88,-0.03,-0.34,"266,683","23,451",3.59,2.18
2020-07-28,中鼎股份,1000887,8.97,9.18,8.88,9.11,0.20,2.24,"256,920","23,260",3.37,2.10
2020-07-27,中鼎股份,1000887,8.74,8.93,8.58,8.91,0.17,1.95,"177,667","15,596",4.00,1.46
2020-07-24,中鼎股份,1000887,9.12,9.32,8.72,8.74,-0.35,-3.85,"294,551","26,475",6.60,2.41
2020-07-23,中鼎股份,1000887,9.17,9.29,8.90,9.09,-0.13,-1.41,"284,400","25,786",4.23,2.33
2020-07-22,中鼎股份,1000887,9.16,9.32,9.02,9.22,0.11,1.21,"269,624","24,744",3.29,2.21
2020-07-21,中鼎股份,1000887,9.28,9.33,9.05,9.11,-0.09,-0.98,"188,333","17,198",3.04,1.54
2020-07-20,中鼎股份,1000887,8.83,9.24,8.75,9.20,0.61,7.10,"374,299","33,989",5.70,3.07
2020-07-17,中鼎股份,1000887,8.73,8.85,8.48,8.59,-0.12,-1.38,"242,844","20,963",4.25,1.99
2020-07-16,中鼎股份,1000887,8.98,9.23,8.66,8.71,-0.27,-3.01,"315,324","28,319",6.35,2.58
2020-07-15,中鼎股份,1000887,9.20,9.33,8.95,8.98,-0.50,-5.27,"441,343","40,373",4.01,3.62
2020-07-14,中鼎股份,1000887,9.65,9.85,9.28,9.48,-0.22,-2.27,"413,470","39,374",5.88,3.39
2020-07-13,中鼎股份,1000887,9.36,9.79,9.28,9.70,0.30,3.19,"424,861","40,615",5.43,3.48
2020-07-10,中鼎股份,1000887,9.25,9.58,9.18,9.40,0.09,0.97,"437,640","40,957",4.30,3.58
2020-07-09,中鼎股份,1000887,9.20,9.37,9.12,9.31,0.11,1.20,"391,210","36,198",2.72,3.20
2020-07-08,中鼎股份,1000887,9.13,9.27,9.01,9.20,0.05,0.55,"391,732","35,828",2.84,3.21
2020-07-07,中鼎股份,1000887,9.35,9.65,9.15,9.15,-0.02,-0.22,"676,896","63,332",5.45,5.54
2020-07-06,中鼎股份,1000887,8.65,9.21,8.55,9.17,0.64,7.50,"542,143","48,480",7.74,4.44
2020-07-03,中鼎股份,1000887,8.22,8.58,8.18,8.53,0.39,4.79,"401,302","33,864",4.91,3.29
2020-07-02,中鼎股份,1000887,7.86,8.15,7.84,8.14,0.26,3.30,"240,888","19,388",3.93,1.97
2020-07-01,中鼎股份,1000887,7.87,7.91,7.80,7.88,0.03,0.38,"126,991","9,962",1.40,1.04
2021-03-31,中鼎股份,1000887,10.02,10.10,9.91,9.94,-0.08,-0.80,"80,013","7,998",1.90,0.66
2021-03-30,中鼎股份,1000887,9.90,10.12,9.90,10.02,-0.08,-0.79,"129,271","12,933",2.18,1.06
2021-03-29,中鼎股份,1000887,10.55,10.57,10.10,10.10,-0.48,-4.54,"226,810","23,193",4.44,1.86
2021-03-26,中鼎股份,1000887,10.46,10.69,10.46,10.58,0.11,1.05,"90,345","9,575",2.20,0.74
2021-03-25,中鼎股份,1000887,10.61,10.68,10.32,10.47,-0.13,-1.23,"104,102","10,908",3.40,0.85
2021-03-24,中鼎股份,1000887,10.86,10.98,10.56,10.60,-0.30,-2.75,"122,867","13,185",3.85,1.01
2021-03-23,中鼎股份,1000887,11.10,11.11,10.81,10.90,-0.25,-2.24,"122,148","13,375",2.69,1.00
2021-03-22,中鼎股份,1000887,10.78,11.20,10.77,11.15,0.41,3.82,"203,577","22,556",4.00,1.67
2021-03-19,中鼎股份,1000887,10.90,11.00,10.68,10.74,-0.33,-2.98,"152,261","16,438",2.89,1.25
2021-03-18,中鼎股份,1000887,11.00,11.13,10.84,11.07,0.15,1.37,"179,851","19,804",2.66,1.47
2021-03-17,中鼎股份,1000887,10.93,10.98,10.76,10.92,-0.11,-1.00,"168,211","18,283",1.99,1.38
2021-03-16,中鼎股份,1000887,10.59,11.15,10.57,11.03,0.37,3.47,"270,406","29,548",5.44,2.21
2021-03-15,中鼎股份,1000887,10.59,10.84,10.53,10.66,0.03,0.28,"170,966","18,251",2.92,1.40
2021-03-12,中鼎股份,1000887,10.46,10.79,10.37,10.63,0.08,0.76,"234,108","24,833",3.98,1.92
2021-03-11,中鼎股份,1000887,10.36,10.65,10.22,10.55,0.13,1.25,"255,789","26,869",4.13,2.10
2021-03-10,中鼎股份,1000887,10.31,10.47,10.07,10.42,0.26,2.56,"220,450","22,644",3.94,1.81
2021-03-09,中鼎股份,1000887,10.29,10.44,10.00,10.16,-0.20,-1.93,"197,145","20,201",4.25,1.61
2021-03-08,中鼎股份,1000887,10.45,10.66,10.28,10.36,-0.09,-0.86,"211,365","22,122",3.64,1.73
2021-03-05,中鼎股份,1000887,10.16,10.54,10.15,10.45,0.26,2.55,"234,478","24,357",3.83,1.92
2021-03-04,中鼎股份,1000887,10.20,10.26,10.11,10.19,-0.08,-0.78,"141,752","14,435",1.46,1.16
2021-03-03,中鼎股份,1000887,9.91,10.34,9.91,10.27,0.32,3.22,"221,128","22,550",4.32,1.81
2021-03-02,中鼎股份,1000887,10.27,10.33,9.90,9.95,-0.27,-2.64,"160,926","16,159",4.21,1.32
2021-03-01,中鼎股份,1000887,9.89,10.28,9.86,10.22,0.42,4.29,"202,015","20,397",4.29,1.65
2021-02-26,中鼎股份,1000887,9.94,10.10,9.80,9.80,-0.21,-2.10,"196,474","19,486",3.00,1.61
2021-02-25,中鼎股份,1000887,10.31,10.34,9.92,10.01,-0.20,-1.96,"199,103","20,056",4.11,1.63
2021-02-24,中鼎股份,1000887,10.24,10.36,10.12,10.21,-0.03,-0.29,"144,410","14,772",2.34,1.18
2021-02-23,中鼎股份,1000887,10.30,10.43,10.11,10.24,-0.09,-0.87,"142,213","14,600",3.10,1.16
2021-02-22,中鼎股份,1000887,10.55,10.66,10.32,10.33,-0.21,-1.99,"227,924","23,942",3.23,1.87
2021-02-19,中鼎股份,1000887,10.29,10.60,10.18,10.54,0.22,2.13,"170,136","17,731",4.07,1.39
2021-02-18,中鼎股份,1000887,10.30,10.47,10.26,10.32,0.12,1.18,"175,225","18,147",2.06,1.44
2021-02-10,中鼎股份,1000887,9.98,10.28,9.83,10.20,0.26,2.62,"141,028","14,220",4.53,1.16
2021-02-09,中鼎股份,1000887,9.78,10.02,9.69,9.94,0.15,1.53,"148,472","14,660",3.37,1.22
2021-02-08,中鼎股份,1000887,9.72,9.90,9.46,9.79,0.13,1.35,"159,423","15,449",4.55,1.31
2021-02-05,中鼎股份,1000887,9.87,10.15,9.63,9.66,-0.07,-0.72,"213,698","21,189",5.34,1.75
2021-02-04,中鼎股份,1000887,10.18,10.19,9.49,9.73,-0.53,-5.17,"298,724","29,142",6.82,2.45
2021-02-03,中鼎股份,1000887,10.31,10.48,10.18,10.26,0.01,0.10,"187,610","19,357",2.93,1.54
2021-02-02,中鼎股份,1000887,10.03,10.32,9.91,10.25,0.34,3.43,"213,417","21,669",4.14,1.75
2021-02-01,中鼎股份,1000887,9.99,10.07,9.83,9.91,-0.03,-0.30,"133,184","13,232",2.41,1.09
2021-01-29,中鼎股份,1000887,10.24,10.35,9.75,9.94,-0.22,-2.17,"185,924","18,624",5.91,1.52
2021-01-28,中鼎股份,1000887,10.40,10.45,10.14,10.16,-0.35,-3.33,"151,973","15,612",2.95,1.24
2021-01-27,中鼎股份,1000887,10.63,10.63,10.32,10.51,0.01,0.10,"117,885","12,310",2.95,0.97
2021-01-26,中鼎股份,1000887,10.58,10.80,10.47,10.50,-0.15,-1.41,"138,470","14,640",3.10,1.13
2021-01-25,中鼎股份,1000887,10.74,10.93,10.44,10.65,-0.13,-1.21,"222,122","23,749",4.55,1.82
2021-01-22,中鼎股份,1000887,10.99,10.99,10.75,10.78,-0.22,-2.00,"169,671","18,382",2.18,1.39
2021-01-21,中鼎股份,1000887,10.90,11.16,10.81,11.00,0.05,0.46,"155,279","17,134",3.20,1.27
2021-01-20,中鼎股份,1000887,10.79,11.21,10.69,10.95,0.15,1.39,"181,288","19,865",4.81,1.48
2021-01-19,中鼎股份,1000887,11.22,11.34,10.76,10.80,-0.42,-3.74,"248,391","27,294",5.17,2.03
2021-01-18,中鼎股份,1000887,11.41,11.58,11.02,11.22,-0.20,-1.75,"232,458","26,080",4.90,1.90
2021-01-15,中鼎股份,1000887,11.62,11.76,11.27,11.42,0.08,0.71,"284,682","32,794",4.32,2.33
2021-01-14,中鼎股份,1000887,10.96,11.54,10.63,11.34,0.83,7.90,"461,949","51,539",8.66,3.78
2021-01-13,中鼎股份,1000887,11.13,11.15,10.50,10.51,-0.64,-5.74,"309,125","33,155",5.83,2.53
2021-01-12,中鼎股份,1000887,11.29,11.35,10.85,11.15,-0.25,-2.19,"318,365","35,188",4.39,2.61
2021-01-11,中鼎股份,1000887,11.10,11.82,11.02,11.40,0.39,3.54,"371,365","42,365",7.27,3.04
2021-01-08,中鼎股份,1000887,11.68,11.68,10.98,11.01,-0.62,-5.33,"389,767","43,380",6.02,3.19
2021-01-07,中鼎股份,1000887,12.22,12.22,11.45,11.63,-0.47,-3.88,"342,201","39,992",6.36,2.80
2021-01-06,中鼎股份,1000887,12.47,12.50,12.02,12.10,-0.36,-2.89,"264,719","32,311",3.85,2.17
2021-01-05,中鼎股份,1000887,12.69,12.92,12.35,12.46,-0.30,-2.35,"475,935","59,866",4.47,3.90
2021-01-04,中鼎股份,1000887,11.86,12.88,11.85,12.76,1.05,8.97,"598,491","75,495",8.80,4.90
2021-09-30,中鼎股份,1000887,14.60,14.94,14.51,14.64,0.09,0.62,"144,442","21,252",2.96,1.18
2021-09-29,中鼎股份,1000887,15.08,15.28,14.45,14.55,-0.65,-4.28,"219,185","32,391",5.46,1.80
2021-09-28,中鼎股份,1000887,15.50,15.63,15.11,15.20,-0.28,-1.81,"143,881","22,080",3.36,1.18
2021-09-27,中鼎股份,1000887,16.03,16.25,15.20,15.48,-0.57,-3.55,"233,557","36,477",6.54,1.91
2021-09-24,中鼎股份,1000887,16.12,16.45,15.96,16.05,-0.16,-0.99,"127,893","20,635",3.02,1.05
2021-09-23,中鼎股份,1000887,16.09,16.37,15.90,16.21,0.12,0.75,"158,439","25,617",2.92,1.30
2021-09-22,中鼎股份,1000887,16.00,16.20,15.50,16.09,-0.27,-1.65,"174,897","27,811",4.28,1.43
2021-09-17,中鼎股份,1000887,16.39,16.92,16.02,16.36,-0.03,-0.18,"233,149","38,407",5.49,1.91
2021-09-16,中鼎股份,1000887,17.17,17.65,16.29,16.39,-0.80,-4.65,"358,649","60,652",7.91,2.94
2021-09-15,中鼎股份,1000887,16.97,17.43,16.71,17.19,0.24,1.42,"248,849","42,708",4.25,2.04
2021-09-14,中鼎股份,1000887,17.00,17.33,16.77,16.95,0.05,0.30,"185,620","31,704",3.31,1.52
2021-09-13,中鼎股份,1000887,17.33,17.47,16.78,16.90,-0.15,-0.88,"240,883","41,006",4.05,1.97
2021-09-10,中鼎股份,1000887,17.63,17.74,16.75,17.05,-0.58,-3.29,"310,950","53,185",5.62,2.55
2021-09-09,中鼎股份,1000887,17.52,17.96,17.31,17.63,0.11,0.63,"245,236","43,270",3.71,2.01
2021-09-08,中鼎股份,1000887,17.88,17.98,17.44,17.52,-0.24,-1.35,"232,591","40,980",3.04,1.91
2021-09-07,中鼎股份,1000887,17.67,18.00,17.41,17.76,0.26,1.49,"263,454","46,682",3.37,2.16
2021-09-06,中鼎股份,1000887,17.94,18.25,17.30,17.50,-0.26,-1.46,"270,711","47,681",5.35,2.22
2021-09-03,中鼎股份,1000887,18.32,18.85,17.68,17.76,-0.74,-4.00,"339,328","61,640",6.32,2.78
2021-09-02,中鼎股份,1000887,18.22,18.60,17.53,18.50,0.39,2.15,"509,539","92,483",5.91,4.17
2021-09-01,中鼎股份,1000887,18.49,19.09,17.71,18.11,0.29,1.63,"894,823","164,708",7.74,7.33
2021-08-31,中鼎股份,1000887,16.51,17.82,16.51,17.82,1.62,10.00,"621,567","108,832",8.09,5.09
2021-08-30,中鼎股份,1000887,15.85,16.28,15.66,16.20,0.39,2.47,"323,088","51,944",3.92,2.65
2021-08-27,中鼎股份,1000887,14.89,15.85,14.77,15.81,0.92,6.18,"273,519","42,279",7.25,2.24
2021-08-26,中鼎股份,1000887,14.97,15.27,14.86,14.89,-0.13,-0.87,"144,809","21,821",2.73,1.19
2021-08-25,中鼎股份,1000887,15.30,15.39,14.85,15.02,-0.28,-1.83,"160,422","24,101",3.53,1.31
2021-08-24,中鼎股份,1000887,15.63,15.67,15.20,15.30,-0.32,-2.05,"203,616","31,288",3.01,1.67
2021-08-23,中鼎股份,1000887,14.82,15.67,14.71,15.62,0.79,5.33,"241,250","37,036",6.47,1.98
2021-08-20,中鼎股份,1000887,14.75,15.22,14.48,14.83,-0.06,-0.40,"196,187","29,042",4.97,1.61
2021-08-19,中鼎股份,1000887,14.62,15.11,14.29,14.89,0.14,0.95,"173,360","25,535",5.56,1.42
2021-08-18,中鼎股份,1000887,14.61,14.85,14.42,14.75,0.05,0.34,"160,861","23,608",2.93,1.32
2021-08-17,中鼎股份,1000887,15.41,15.45,14.67,14.70,-0.63,-4.11,"261,950","39,324",5.09,2.15
2021-08-16,中鼎股份,1000887,15.67,16.50,15.28,15.33,-0.37,-2.36,"373,628","59,134",7.77,3.06
2021-08-13,中鼎股份,1000887,15.76,16.18,15.55,15.70,0.29,1.88,"324,768","51,472",4.09,2.66
2021-08-12,中鼎股份,1000887,15.19,15.46,15.07,15.41,0.17,1.12,"207,745","31,794",2.56,1.70
2021-08-11,中鼎股份,1000887,15.54,15.66,15.08,15.24,-0.30,-1.93,"249,173","38,094",3.73,2.04
2021-08-10,中鼎股份,1000887,15.50,15.98,15.27,15.54,0.08,0.52,"242,040","37,823",4.59,1.98
2021-08-09,中鼎股份,1000887,15.70,15.94,15.00,15.46,-0.34,-2.15,"333,878","51,182",5.95,2.73
2021-08-06,中鼎股份,1000887,15.88,16.55,15.63,15.80,-0.13,-0.82,"291,492","46,498",5.78,2.39
2021-08-05,中鼎股份,1000887,15.60,16.13,15.40,15.93,0.16,1.01,"298,229","46,920",4.63,2.44
2021-08-04,中鼎股份,1000887,14.71,15.86,14.65,15.77,0.93,6.27,"346,317","53,706",8.15,2.84
2021-08-03,中鼎股份,1000887,15.25,15.34,14.78,14.84,-0.41,-2.69,"257,530","38,535",3.67,2.11
2021-08-02,中鼎股份,1000887,14.93,15.80,14.89,15.25,0.59,4.02,"381,772","58,413",6.21,3.13
2021-07-30,中鼎股份,1000887,14.18,14.77,14.18,14.66,0.37,2.59,"223,807","32,525",4.13,1.83
2021-07-29,中鼎股份,1000887,14.10,14.52,14.00,14.29,0.78,5.77,"262,242","37,459",3.85,2.15
2021-07-28,中鼎股份,1000887,13.91,14.26,13.23,13.51,-0.53,-3.77,"288,749","39,389",7.34,2.37
2021-07-27,中鼎股份,1000887,14.62,15.28,13.92,14.04,-0.58,-3.97,"343,291","50,129",9.30,2.81
2021-07-26,中鼎股份,1000887,14.93,15.00,14.23,14.62,-0.40,-2.66,"302,518","44,333",5.13,2.48
2021-07-23,中鼎股份,1000887,14.85,15.56,14.66,15.02,0.22,1.49,"401,624","60,820",6.08,3.29
2021-07-22,中鼎股份,1000887,14.72,15.04,14.55,14.80,0.01,0.07,"255,102","37,604",3.31,2.09
2021-07-21,中鼎股份,1000887,14.60,14.95,14.51,14.79,0.16,1.09,"252,588","37,258",3.01,2.07
2021-07-20,中鼎股份,1000887,14.48,14.80,14.16,14.63,-0.01,-0.07,"228,300","33,183",4.37,1.87
2021-07-19,中鼎股份,1000887,14.65,15.14,14.50,14.64,0.03,0.21,"358,452","52,790",4.38,2.94
2021-07-16,中鼎股份,1000887,14.95,15.38,14.55,14.61,-0.67,-4.38,"556,977","83,143",5.43,4.56
2021-07-15,中鼎股份,1000887,13.85,15.28,13.61,15.28,1.39,10.01,"540,056","79,757",12.02,4.42
2021-07-14,中鼎股份,1000887,14.13,14.35,13.10,13.89,0.24,1.76,"528,403","74,135",9.16,4.33
2021-07-13,中鼎股份,1000887,14.15,14.17,13.33,13.65,0.77,5.98,"660,830","91,528",6.52,5.41
2021-07-12,中鼎股份,1000887,13.00,13.11,12.71,12.88,0.06,0.47,"314,653","40,605",3.12,2.58
2021-07-09,中鼎股份,1000887,12.12,12.90,12.10,12.82,0.63,5.17,"398,476","50,065",6.56,3.26
2021-07-08,中鼎股份,1000887,12.15,12.32,11.96,12.19,-0.18,-1.46,"366,857","44,534",2.91,3.01
2021-07-07,中鼎股份,1000887,11.71,12.49,11.61,12.37,1.02,8.99,"554,749","67,832",7.75,4.54
2021-07-06,中鼎股份,1000887,11.50,11.53,11.17,11.35,-0.13,-1.13,"119,098","13,496",3.14,0.98
2021-07-05,中鼎股份,1000887,11.32,11.55,11.32,11.48,0.18,1.59,"101,531","11,618",2.04,0.83
2021-07-02,中鼎股份,1000887,11.45,11.56,11.27,11.30,-0.20,-1.74,"108,461","12,350",2.52,0.89
2021-07-01,中鼎股份,1000887,12.04,12.05,11.50,11.50,-0.58,-4.80,"191,409","22,394",4.55,1.57
2021-06-30,中鼎股份,1000887,11.84,12.09,11.83,12.08,0.18,1.51,"145,271","17,368",2.18,1.19
2021-06-29,中鼎股份,1000887,12.09,12.34,11.83,11.90,-0.19,-1.57,"209,663","25,384",4.22,1.72
2021-06-28,中鼎股份,1000887,11.98,12.46,11.95,12.09,0.33,2.81,"289,816","35,433",4.34,2.37
2021-06-25,中鼎股份,1000887,11.84,12.06,11.72,11.76,-0.08,-0.68,"177,873","21,090",2.87,1.46
2021-06-24,中鼎股份,1000887,11.98,12.03,11.68,11.84,-0.11,-0.92,"153,019","18,067",2.93,1.25
2021-06-23,中鼎股份,1000887,11.91,12.08,11.77,11.95,0.00,0.00,"208,660","24,934",2.59,1.71
2021-06-22,中鼎股份,1000887,11.88,12.05,11.60,11.95,0.20,1.70,"205,937","24,454",3.83,1.69
2021-06-21,中鼎股份,1000887,11.74,11.85,11.53,11.75,-0.06,-0.51,"150,921","17,674",2.71,1.24
2021-06-18,中鼎股份,1000887,11.30,11.86,11.22,11.81,0.50,4.42,"193,264","22,375",5.66,1.58
2021-06-17,中鼎股份,1000887,11.49,11.60,11.26,11.31,-0.11,-0.96,"130,961","14,901",2.98,1.07
2021-06-16,中鼎股份,1000887,11.90,11.99,11.34,11.42,-0.53,-4.44,"227,324","26,284",5.44,1.86
2021-06-15,中鼎股份,1000887,11.91,12.13,11.80,11.95,0.03,0.25,"185,934","22,179",2.77,1.52
2021-06-11,中鼎股份,1000887,12.11,12.32,11.91,11.92,-0.22,-1.81,"236,058","28,505",3.38,1.93
2021-06-10,中鼎股份,1000887,11.80,12.25,11.75,12.14,0.31,2.62,"404,991","48,929",4.23,3.32
2021-06-09,中鼎股份,1000887,12.00,12.16,11.69,11.83,-0.05,-0.42,"684,809","81,493",3.96,5.61
2021-06-08,中鼎股份,1000887,10.81,11.88,10.78,11.88,1.08,10.00,"476,280","55,919",10.19,3.90
2021-06-07,中鼎股份,1000887,11.09,11.18,10.72,10.80,-0.22,-2.00,"172,341","18,780",4.17,1.41
2021-06-04,中鼎股份,1000887,11.25,11.33,11.00,11.22,0.01,0.09,"137,074","15,278",2.94,1.12
2021-06-03,中鼎股份,1000887,11.17,11.41,11.13,11.21,0.01,0.09,"127,728","14,398",2.50,1.05
2021-06-02,中鼎股份,1000887,11.50,11.52,11.17,11.20,-0.30,-2.61,"180,219","20,422",3.04,1.48
2021-06-01,中鼎股份,1000887,11.85,11.87,11.47,11.50,-0.32,-2.71,"224,178","25,961",3.38,1.84
2021-05-31,中鼎股份,1000887,11.40,11.85,11.40,11.82,0.42,3.68,"264,130","30,863",3.95,2.16
2021-05-28,中鼎股份,1000887,11.12,11.65,11.12,11.40,0.23,2.06,"190,938","21,867",4.74,1.56
2021-05-27,中鼎股份,1000887,11.40,11.41,11.14,11.17,-0.15,-1.33,"105,193","11,800",2.39,0.86
2021-05-26,中鼎股份,1000887,11.31,11.47,11.24,11.32,0.04,0.35,"108,291","12,295",2.04,0.89
2021-05-25,中鼎股份,1000887,11.36,11.37,11.08,11.28,-0.08,-0.70,"144,228","16,209",2.55,1.18
2021-05-24,中鼎股份,1000887,11.07,11.46,11.04,11.36,0.30,2.71,"157,527","17,793",3.80,1.29
2021-05-21,中鼎股份,1000887,11.03,11.25,11.02,11.06,0.01,0.09,"86,254","9,579",2.08,0.71
2021-05-20,中鼎股份,1000887,11.11,11.32,11.04,11.05,-0.14,-1.25,"129,919","14,469",2.50,1.06
2021-05-19,中鼎股份,1000887,11.25,11.42,11.08,11.19,-0.06,-0.53,"121,192","13,611",3.02,0.99
2021-05-18,中鼎股份,1000887,11.35,11.46,11.05,11.25,-0.17,-1.49,"163,667","18,331",3.59,1.34
2021-05-17,中鼎股份,1000887,11.39,11.85,11.35,11.42,0.17,1.51,"260,997","30,277",4.44,2.14
2021-05-14,中鼎股份,1000887,11.25,11.37,11.10,11.25,0.05,0.45,"141,847","15,967",2.41,1.16
2021-05-13,中鼎股份,1000887,11.28,11.52,11.16,11.20,-0.17,-1.50,"132,074","14,893",3.17,1.08
2021-05-12,中鼎股份,1000887,11.25,11.48,11.13,11.37,0.03,0.26,"179,047","20,291",3.09,1.47
2021-05-11,中鼎股份,1000887,11.06,11.41,10.93,11.34,0.22,1.98,"188,848","21,187",4.32,1.55
2021-05-10,中鼎股份,1000887,11.26,11.44,11.05,11.12,-0.06,-0.54,"193,010","21,644",3.49,1.58
2021-05-07,中鼎股份,1000887,11.18,11.41,11.09,11.18,0.02,0.18,"238,396","26,776",2.87,1.95
2021-05-06,中鼎股份,1000887,10.67,11.31,10.57,11.16,0.49,4.59,"287,742","32,005",6.94,2.36
2021-04-30,中鼎股份,1000887,10.70,10.96,10.59,10.67,0.18,1.72,"194,737","20,956",3.53,1.60
2021-04-29,中鼎股份,1000887,10.57,10.64,10.45,10.49,-0.13,-1.22,"99,699","10,495",1.79,0.82
2021-04-28,中鼎股份,1000887,10.58,10.68,10.46,10.62,-0.04,-0.38,"93,146","9,879",2.06,0.76
2021-04-27,中鼎股份,1000887,10.69,10.77,10.49,10.66,-0.02,-0.19,"108,576","11,555",2.62,0.89
2021-04-26,中鼎股份,1000887,10.94,11.00,10.66,10.68,-0.23,-2.11,"124,984","13,492",3.12,1.02
2021-04-23,中鼎股份,1000887,11.01,11.08,10.85,10.91,-0.08,-0.73,"141,551","15,494",2.09,1.16
2021-04-22,中鼎股份,1000887,11.08,11.13,10.91,10.99,-0.03,-0.27,"158,264","17,469",2.00,1.30
2021-04-21,中鼎股份,1000887,10.95,11.08,10.77,11.02,0.04,0.36,"203,076","22,267",2.82,1.66
2021-04-20,中鼎股份,1000887,10.64,11.06,10.55,10.98,0.31,2.91,"319,536","34,893",4.78,2.62
2021-04-19,中鼎股份,1000887,10.26,10.73,10.20,10.67,0.45,4.40,"231,037","24,368",5.19,1.89
2021-04-16,中鼎股份,1000887,9.64,10.38,9.61,10.22,0.64,6.68,"268,579","27,052",8.04,2.20
2021-04-15,中鼎股份,1000887,9.75,9.76,9.54,9.58,-0.12,-1.24,"83,129","7,980",2.27,0.68
2021-04-14,中鼎股份,1000887,9.55,9.70,9.49,9.70,0.16,1.68,"83,009","7,981",2.20,0.68
2021-04-13,中鼎股份,1000887,9.58,9.62,9.46,9.54,-0.05,-0.52,"88,804","8,448",1.67,0.73
2021-04-12,中鼎股份,1000887,9.68,9.88,9.52,9.59,-0.10,-1.03,"114,035","10,980",3.72,0.93
2021-04-09,中鼎股份,1000887,9.74,9.84,9.56,9.69,-0.07,-0.72,"108,407","10,471",2.87,0.89
2021-04-08,中鼎股份,1000887,9.90,9.93,9.60,9.76,-0.17,-1.71,"143,721","13,993",3.32,1.18
2021-04-07,中鼎股份,1000887,9.98,10.00,9.88,9.93,-0.06,-0.60,"71,388","7,089",1.20,0.58
2021-04-06,中鼎股份,1000887,9.89,10.02,9.83,9.99,0.10,1.01,"76,594","7,627",1.92,0.63
2021-04-02,中鼎股份,1000887,10.00,10.03,9.84,9.89,-0.03,-0.30,"101,813","10,088",1.92,0.83
2021-04-01,中鼎股份,1000887,10.00,10.08,9.80,9.92,-0.02,-0.20,"111,572","11,071",2.82,0.91
2021-12-31,中鼎股份,1000887,22.22,22.35,21.70,21.81,-0.41,-1.85,"176,890","38,754",2.93,1.45
2021-12-30,中鼎股份,1000887,22.21,22.57,22.00,22.22,-0.26,-1.16,"170,300","38,020",2.54,1.39
2021-12-29,中鼎股份,1000887,22.40,22.75,21.85,22.48,0.09,0.40,"197,936","44,095",4.02,1.62
2021-12-28,中鼎股份,1000887,21.80,22.86,21.70,22.39,0.96,4.48,"321,557","71,907",5.41,2.63
2021-12-27,中鼎股份,1000887,21.98,22.34,21.00,21.43,-1.02,-4.54,"279,651","60,337",5.97,2.29
2021-12-24,中鼎股份,1000887,23.29,23.60,21.82,22.45,-0.18,-0.80,"389,327","87,814",7.87,3.19
2021-12-23,中鼎股份,1000887,21.76,22.85,21.70,22.63,0.87,4.00,"428,457","96,397",5.28,3.51
2021-12-22,中鼎股份,1000887,20.70,22.05,20.39,21.76,0.92,4.41,"487,164","104,024",7.97,3.99
2021-12-21,中鼎股份,1000887,19.72,21.59,19.72,20.84,0.94,4.72,"436,787","91,120",9.40,3.58
2021-12-20,中鼎股份,1000887,20.41,20.78,19.70,19.90,-0.49,-2.40,"220,009","44,405",5.30,1.80
2021-12-17,中鼎股份,1000887,20.74,20.91,20.11,20.39,-0.46,-2.21,"268,939","55,002",3.84,2.20
2021-12-16,中鼎股份,1000887,21.00,21.30,20.53,20.85,-0.36,-1.70,"223,600","46,682",3.63,1.83
2021-12-15,中鼎股份,1000887,21.50,21.75,21.12,21.21,-0.13,-0.61,"196,024","41,886",2.95,1.61
2021-12-14,中鼎股份,1000887,21.40,21.56,21.10,21.34,-0.16,-0.74,"191,765","40,918",2.14,1.57
2021-12-13,中鼎股份,1000887,21.81,21.98,20.68,21.50,0.39,1.85,"360,535","76,793",6.16,2.95
2021-12-10,中鼎股份,1000887,20.90,21.37,20.45,21.11,0.23,1.10,"278,363","58,801",4.41,2.28
2021-12-09,中鼎股份,1000887,21.24,21.39,20.40,20.88,-0.22,-1.04,"335,001","69,715",4.69,2.74
2021-12-08,中鼎股份,1000887,20.79,21.48,20.63,21.10,0.23,1.10,"368,607","77,612",4.07,3.02
2021-12-07,中鼎股份,1000887,21.83,21.97,20.60,20.87,-1.00,-4.57,"524,133","110,002",6.26,4.29
2021-12-06,中鼎股份,1000887,22.37,22.70,21.70,21.87,-0.50,-2.24,"393,717","87,236",4.47,3.22
2021-12-03,中鼎股份,1000887,22.36,22.80,21.61,22.37,0.39,1.77,"562,488","124,704",5.41,4.61
2021-12-02,中鼎股份,1000887,22.53,22.71,21.26,21.98,-0.54,-2.40,"561,345","123,910",6.44,4.60
2021-12-01,中鼎股份,1000887,24.00,24.05,22.09,22.52,-1.15,-4.86,"631,723","143,946",8.28,5.17
2021-11-30,中鼎股份,1000887,24.05,25.01,23.23,23.67,0.60,2.60,"915,907","220,293",7.72,7.50
2021-11-29,中鼎股份,1000887,20.70,23.07,20.48,23.07,2.10,10.01,"498,426","112,484",12.35,4.08
2021-11-26,中鼎股份,1000887,19.85,21.31,19.71,20.97,1.04,5.22,"389,918","80,607",8.03,3.19
2021-11-25,中鼎股份,1000887,20.38,20.60,19.70,19.93,-0.24,-1.19,"287,102","57,268",4.46,2.35
2021-11-24,中鼎股份,1000887,19.96,20.92,19.74,20.17,0.20,1.00,"538,155","109,565",5.91,4.41
2021-11-23,中鼎股份,1000887,19.35,20.88,19.14,19.97,0.41,2.10,"477,413","96,070",8.90,3.91
2021-11-22,中鼎股份,1000887,18.00,19.83,17.98,19.56,1.52,8.43,"458,631","87,316",10.26,3.76
2021-11-19,中鼎股份,1000887,17.03,18.29,16.80,18.04,1.00,5.87,"364,509","64,136",8.74,2.99
2021-11-18,中鼎股份,1000887,17.90,18.09,16.98,17.04,-1.22,-6.68,"371,985","64,574",6.08,3.05
2021-11-17,中鼎股份,1000887,18.18,18.48,17.70,18.26,0.22,1.22,"254,092","46,032",4.32,2.08
2021-11-16,中鼎股份,1000887,18.72,18.91,17.79,18.04,-0.52,-2.80,"356,875","64,814",6.03,2.92
2021-11-15,中鼎股份,1000887,18.88,19.96,18.50,18.56,0.39,2.15,"572,423","109,160",8.04,4.69
2021-11-12,中鼎股份,1000887,17.55,18.41,17.46,18.17,0.48,2.71,"326,779","58,697",5.37,2.68
2021-11-11,中鼎股份,1000887,17.91,18.05,17.50,17.69,-0.48,-2.64,"306,535","54,167",3.03,2.51
2021-11-10,中鼎股份,1000887,18.20,18.60,17.86,18.17,0.16,0.89,"307,945","56,037",4.11,2.52
2021-11-09,中鼎股份,1000887,18.30,18.35,17.50,18.01,0.01,0.06,"289,799","51,765",4.72,2.37
2021-11-08,中鼎股份,1000887,17.79,18.02,17.60,18.00,0.19,1.07,"222,271","39,647",2.36,1.82
2021-11-05,中鼎股份,1000887,17.75,17.88,17.47,17.81,-0.18,-1.00,"288,757","51,038",2.28,2.37
2021-11-04,中鼎股份,1000887,17.26,18.35,17.09,17.99,0.80,4.65,"493,149","87,923",7.33,4.04
2021-11-03,中鼎股份,1000887,16.38,17.30,16.34,17.19,0.71,4.31,"496,804","83,989",5.83,4.07
2021-11-02,中鼎股份,1000887,16.45,17.05,16.07,16.48,-0.10,-0.60,"384,609","63,473",5.91,3.15
2021-11-01,中鼎股份,1000887,17.10,17.10,15.93,16.58,-0.61,-3.55,"600,586","98,417",6.81,4.92
2021-10-29,中鼎股份,1000887,16.41,17.37,15.90,17.19,0.61,3.68,"393,778","65,692",8.87,3.23
2021-10-28,中鼎股份,1000887,16.40,16.92,16.16,16.58,0.33,2.03,"295,927","49,191",4.68,2.42
2021-10-27,中鼎股份,1000887,16.15,16.49,16.12,16.25,-0.07,-0.43,"175,854","28,666",2.27,1.44
2021-10-26,中鼎股份,1000887,16.80,16.89,16.11,16.32,-0.03,-0.18,"274,879","45,123",4.77,2.25
2021-10-25,中鼎股份,1000887,15.89,16.45,15.55,16.35,0.66,4.21,"267,291","43,015",5.74,2.19
2021-10-22,中鼎股份,1000887,15.99,16.37,15.63,15.69,0.01,0.06,"199,008","31,797",4.72,1.63
2021-10-21,中鼎股份,1000887,15.97,15.99,15.68,15.68,-0.31,-1.94,"153,812","24,327",1.94,1.26
2021-10-20,中鼎股份,1000887,15.75,16.10,15.51,15.99,0.31,1.98,"210,830","33,560",3.76,1.73
2021-10-19,中鼎股份,1000887,15.60,15.96,15.40,15.68,0.00,0.00,"210,933","33,085",3.57,1.73
2021-10-18,中鼎股份,1000887,15.20,15.96,15.20,15.68,0.48,3.16,"322,324","50,380",5.00,2.64
2021-10-15,中鼎股份,1000887,16.00,16.04,15.14,15.20,-1.04,-6.40,"461,418","71,140",5.54,3.78
2021-10-14,中鼎股份,1000887,15.22,16.47,14.97,16.24,1.03,6.77,"342,265","53,957",9.86,2.80
2021-10-13,中鼎股份,1000887,14.21,15.37,14.09,15.21,1.01,7.11,"227,547","33,830",9.01,1.86
2021-10-12,中鼎股份,1000887,14.74,14.74,14.00,14.20,-0.46,-3.14,"172,409","24,687",5.05,1.41
2021-10-11,中鼎股份,1000887,14.77,14.88,14.32,14.66,-0.12,-0.81,"144,058","21,088",3.79,1.18
2021-10-08,中鼎股份,1000887,14.81,15.01,14.52,14.78,0.14,0.96,"161,206","23,757",3.35,1.32
2022-08-16,中鼎股份,1000887,19.65,20.72,19.48,20.22,0.64,3.27,"373,308","75,854",6.33,2.84
2022-08-15,中鼎股份,1000887,19.41,20.10,19.21,19.58,0.10,0.51,"242,277","47,713",4.57,1.84
2022-08-12,中鼎股份,1000887,19.93,20.30,19.45,19.48,-0.47,-2.36,"248,556","49,193",4.26,1.89
2022-08-11,中鼎股份,1000887,20.60,20.60,19.58,19.95,-0.40,-1.97,"415,794","82,849",5.01,3.16
2022-08-10,中鼎股份,1000887,21.19,21.30,20.03,20.35,-0.48,-2.30,"381,470","78,421",6.10,2.90
2022-08-09,中鼎股份,1000887,20.97,21.39,20.68,20.83,-0.22,-1.05,"243,572","50,963",3.37,1.85
2022-08-08,中鼎股份,1000887,20.52,21.30,19.60,21.05,0.53,2.58,"353,776","73,121",8.28,2.69
2022-08-05,中鼎股份,1000887,20.45,21.35,20.25,20.52,0.06,0.29,"347,348","72,023",5.38,2.64
2022-08-04,中鼎股份,1000887,20.61,20.77,19.80,20.46,-0.16,-0.78,"333,804","67,713",4.70,2.54
2022-08-03,中鼎股份,1000887,21.41,22.37,20.25,20.62,-0.79,-3.69,"470,744","100,119",9.90,3.58
2022-08-02,中鼎股份,1000887,21.56,21.76,20.91,21.41,-0.51,-2.33,"366,456","78,293",3.88,2.78
2022-08-01,中鼎股份,1000887,22.56,22.93,21.08,21.92,-0.66,-2.92,"471,763","103,612",8.19,3.58
2022-07-29,中鼎股份,1000887,21.80,22.80,21.51,22.58,0.74,3.39,"441,143","98,633",5.91,3.35
2022-07-28,中鼎股份,1000887,22.20,22.46,21.68,21.84,-0.27,-1.22,"354,106","77,848",3.53,2.69
2022-07-27,中鼎股份,1000887,20.50,22.18,20.39,22.11,1.63,7.96,"492,302","105,924",8.74,3.74
2022-07-26,中鼎股份,1000887,20.49,20.78,19.98,20.48,-0.01,-0.05,"257,800","52,607",3.90,1.96
2022-07-25,中鼎股份,1000887,20.81,21.10,20.22,20.49,-0.41,-1.96,"269,728","55,635",4.21,2.05
2022-07-22,中鼎股份,1000887,21.39,21.75,20.65,20.90,-0.45,-2.11,"373,527","78,511",5.15,2.84
2022-07-21,中鼎股份,1000887,21.10,22.38,20.71,21.35,0.15,0.71,"479,596","104,224",7.88,3.64
2022-07-20,中鼎股份,1000887,20.49,21.44,19.97,21.20,0.70,3.41,"402,103","83,744",7.17,3.05
2022-07-19,中鼎股份,1000887,20.09,21.40,20.00,20.50,0.41,2.04,"559,113","116,315",6.97,4.25
2022-07-18,中鼎股份,1000887,20.26,20.53,19.12,20.09,0.15,0.75,"484,601","96,557",7.07,3.68
2022-07-15,中鼎股份,1000887,19.47,20.55,19.37,19.94,0.64,3.32,"538,497","108,329",6.11,4.09
2022-07-14,中鼎股份,1000887,17.94,19.36,17.84,19.30,1.30,7.22,"474,953","90,044",8.44,3.61
2022-07-13,中鼎股份,1000887,18.50,18.60,17.38,18.00,-0.61,-3.28,"437,461","78,735",6.56,3.32
2022-07-12,中鼎股份,1000887,18.33,19.25,18.28,18.61,0.14,0.76,"389,384","72,921",5.25,2.96
2022-07-11,中鼎股份,1000887,18.14,18.67,17.72,18.47,0.07,0.38,"287,445","52,266",5.16,2.18
2022-07-08,中鼎股份,1000887,20.02,20.20,18.31,18.40,-1.10,-5.64,"477,726","90,925",9.69,3.63
2022-07-07,中鼎股份,1000887,18.85,19.87,18.68,19.50,0.72,3.83,"424,977","82,782",6.34,3.23
2022-07-06,中鼎股份,1000887,18.64,19.50,18.24,18.78,0.36,1.95,"355,376","67,338",6.84,2.70
2022-07-05,中鼎股份,1000887,18.92,19.25,18.03,18.42,-0.50,-2.64,"267,752","49,576",6.45,2.03
2022-07-04,中鼎股份,1000887,18.48,19.45,18.01,18.92,0.44,2.38,"384,562","72,788",7.79,2.92
2022-07-01,中鼎股份,1000887,18.10,18.75,17.26,18.48,0.24,1.32,"450,951","80,852",8.17,3.43
2022-06-30,中鼎股份,1000887,18.26,18.72,17.88,18.24,0.09,0.50,"379,010","69,441",4.63,2.88
2022-06-29,中鼎股份,1000887,19.59,19.83,18.11,18.15,-1.87,-9.34,"543,510","101,987",8.59,4.13
2022-06-28,中鼎股份,1000887,19.66,20.33,19.02,20.02,0.16,0.81,"510,191","100,027",6.60,3.88
2022-06-27,中鼎股份,1000887,20.35,20.50,19.78,19.86,-0.34,-1.68,"383,369","76,502",3.56,2.91
2022-06-24,中鼎股份,1000887,19.90,20.69,19.63,20.20,0.30,1.51,"474,762","95,668",5.33,3.61
2022-06-23,中鼎股份,1000887,18.21,19.90,18.21,19.90,1.81,10.01,"660,381","126,753",9.34,5.02
2022-06-22,中鼎股份,1000887,18.60,19.15,18.04,18.09,-0.11,-0.60,"424,250","79,038",6.10,3.22
2022-06-21,中鼎股份,1000887,18.65,18.76,18.00,18.20,-0.58,-3.09,"349,258","63,728",4.05,2.65
2022-06-20,中鼎股份,1000887,19.00,19.57,18.56,18.78,-0.42,-2.19,"375,063","71,154",5.26,2.85
2022-06-17,中鼎股份,1000887,18.01,19.50,17.73,19.20,0.92,5.03,"386,259","72,284",9.68,2.93
2022-06-16,中鼎股份,1000887,18.41,18.81,18.15,18.48,0.05,0.27,"286,021","52,771",3.58,2.17
2022-06-15,中鼎股份,1000887,19.05,19.40,18.11,18.43,-0.42,-2.23,"583,584","109,669",6.84,4.43
2022-06-14,中鼎股份,1000887,17.45,19.08,17.15,18.85,1.13,6.38,"600,689","108,234",10.89,4.56
2022-06-13,中鼎股份,1000887,17.33,17.98,17.08,17.72,0.63,3.69,"670,807","118,177",5.27,5.10
2022-06-10,中鼎股份,1000887,15.82,17.09,15.71,17.09,1.55,9.97,"425,932","70,712",8.88,3.24
2022-06-09,中鼎股份,1000887,16.60,16.60,15.50,15.54,-1.15,-6.89,"355,211","56,308",6.59,2.70
2022-06-08,中鼎股份,1000887,16.09,16.80,15.70,16.69,0.66,4.12,"398,453","64,800",6.86,3.03
2022-06-07,中鼎股份,1000887,16.43,16.80,15.89,16.03,-0.57,-3.43,"353,231","57,553",5.48,2.68
2022-06-06,中鼎股份,1000887,16.26,16.87,15.90,16.60,0.70,4.40,"484,292","79,720",6.10,3.68
2022-06-02,中鼎股份,1000887,14.81,16.08,14.75,15.90,1.02,6.85,"426,168","66,516",8.94,3.24
2022-06-01,中鼎股份,1000887,14.76,15.37,14.70,14.88,0.20,1.36,"264,819","39,787",4.56,2.01
2022-05-31,中鼎股份,1000887,14.78,14.90,14.42,14.68,-0.11,-0.74,"216,942","31,887",3.25,1.65
2022-05-30,中鼎股份,1000887,14.34,14.86,14.12,14.79,0.59,4.15,"254,272","37,023",5.21,1.93
2022-05-27,中鼎股份,1000887,14.15,14.60,13.89,14.20,0.04,0.28,"178,743","25,510",5.01,1.36
2022-05-26,中鼎股份,1000887,14.18,14.30,13.71,14.16,-0.21,-1.46,"206,651","29,035",4.11,1.57
2022-05-25,中鼎股份,1000887,14.20,14.51,13.58,14.37,0.34,2.42,"303,343","42,583",6.63,2.30
2022-05-24,中鼎股份,1000887,15.09,15.60,13.99,14.03,-0.70,-4.75,"494,417","73,802",10.93,3.76
2022-05-23,中鼎股份,1000887,14.38,14.96,14.21,14.73,0.53,3.73,"327,267","47,726",5.28,2.49
2022-05-20,中鼎股份,1000887,14.19,14.40,13.92,14.20,0.09,0.64,"194,975","27,625",3.40,1.48
2022-05-19,中鼎股份,1000887,13.78,14.12,13.70,14.11,0.13,0.93,"226,856","31,538",3.00,1.72
2022-05-18,中鼎股份,1000887,13.90,14.34,13.77,13.98,0.12,0.87,"311,149","43,751",4.11,2.36
2022-05-17,中鼎股份,1000887,13.52,14.06,13.51,13.86,0.26,1.91,"266,642","36,962",4.04,2.03
2022-05-16,中鼎股份,1000887,14.09,14.20,13.56,13.60,-0.45,-3.20,"315,657","43,574",4.56,2.40
2022-05-13,中鼎股份,1000887,13.53,14.05,13.25,14.05,0.79,5.96,"380,500","52,239",6.03,2.89
2022-05-12,中鼎股份,1000887,13.26,13.46,13.06,13.26,0.00,0.00,"246,535","32,661",3.02,1.87
2022-05-11,中鼎股份,1000887,12.71,13.87,12.65,13.26,0.65,5.15,"503,426","67,754",9.67,3.82
2022-05-10,中鼎股份,1000887,11.70,12.74,11.59,12.61,0.65,5.43,"333,190","41,208",9.62,2.53
2022-05-09,中鼎股份,1000887,12.15,12.23,11.84,11.96,-0.37,-3.00,"231,845","27,838",3.16,1.76
2022-05-06,中鼎股份,1000887,12.40,12.88,12.12,12.33,-0.12,-0.96,"364,865","45,402",6.10,2.77
2022-05-05,中鼎股份,1000887,12.20,12.56,11.82,12.45,0.57,4.80,"321,956","39,586",6.23,2.45
2022-04-29,中鼎股份,1000887,11.20,12.00,11.14,11.88,0.77,6.93,"231,756","26,880",7.74,1.76
2022-04-28,中鼎股份,1000887,11.31,11.54,10.96,11.11,-0.31,-2.71,"194,135","21,779",5.08,1.47
2022-04-27,中鼎股份,1000887,10.42,11.51,10.40,11.42,0.73,6.83,"288,332","31,580",10.38,2.19
2022-04-26,中鼎股份,1000887,11.19,11.30,10.57,10.69,-0.47,-4.21,"295,733","32,338",6.54,2.25
2022-04-25,中鼎股份,1000887,12.07,12.14,11.15,11.16,-1.23,-9.93,"367,372","42,424",7.99,2.79
2022-04-22,中鼎股份,1000887,12.83,12.87,12.37,12.39,-0.50,-3.88,"175,419","22,034",3.88,1.33
2022-04-21,中鼎股份,1000887,13.32,13.55,12.76,12.89,-0.53,-3.95,"205,227","26,944",5.89,1.56
2022-04-20,中鼎股份,1000887,13.58,14.01,13.30,13.42,-0.23,-1.69,"229,654","31,243",5.20,1.74
2022-04-19,中鼎股份,1000887,14.00,14.20,13.49,13.65,-0.42,-2.99,"334,482","46,201",5.05,2.54
2022-04-18,中鼎股份,1000887,13.70,14.25,13.41,14.07,0.19,1.37,"389,534","54,235",6.05,2.96
2022-04-15,中鼎股份,1000887,13.09,14.26,12.45,13.88,0.85,6.52,"449,419","60,148",13.89,3.41
2022-04-14,中鼎股份,1000887,13.00,13.33,12.93,13.03,0.24,1.88,"184,736","24,232",3.13,1.40
2022-04-13,中鼎股份,1000887,13.06,13.13,12.71,12.79,-0.44,-3.33,"163,327","21,043",3.17,1.24
2022-04-12,中鼎股份,1000887,12.84,13.29,12.61,13.23,0.40,3.12,"257,989","33,547",5.30,1.96
2022-04-11,中鼎股份,1000887,13.51,13.60,12.68,12.83,-0.93,-6.76,"344,986","44,714",6.69,2.62
2022-04-08,中鼎股份,1000887,14.04,14.20,13.48,13.76,-0.33,-2.34,"285,452","39,268",5.11,2.17
2022-04-07,中鼎股份,1000887,14.37,14.66,14.08,14.09,-0.29,-2.02,"182,007","25,975",4.03,1.38
2022-04-06,中鼎股份,1000887,14.86,14.89,14.22,14.38,-0.51,-3.43,"244,415","35,246",4.50,1.86
2022-04-01,中鼎股份,1000887,14.78,15.24,14.72,14.89,-0.12,-0.80,"200,192","29,945",3.46,1.52
2022-03-31,中鼎股份,1000887,15.58,15.59,14.88,15.01,-0.67,-4.27,"216,962","32,840",4.53,1.65
2022-03-30,中鼎股份,1000887,14.59,15.86,14.58,15.68,1.22,8.44,"372,064","57,076",8.85,2.83
2022-03-29,中鼎股份,1000887,14.76,15.08,14.31,14.46,-0.30,-2.03,"206,873","30,348",5.22,1.57
2022-03-28,中鼎股份,1000887,15.00,15.17,14.62,14.76,-0.34,-2.25,"236,142","35,021",3.64,1.79
2022-03-25,中鼎股份,1000887,15.55,15.68,15.07,15.10,-0.49,-3.14,"203,595","31,176",3.91,1.55
2022-03-24,中鼎股份,1000887,15.80,15.86,15.35,15.59,-0.36,-2.26,"252,611","39,220",3.20,1.92
2022-03-23,中鼎股份,1000887,16.00,16.42,15.70,15.95,0.10,0.63,"224,523","36,021",4.54,1.71
2022-03-22,中鼎股份,1000887,16.02,16.10,15.70,15.85,-0.34,-2.10,"267,193","42,421",2.47,2.03
2022-03-21,中鼎股份,1000887,16.32,16.50,15.85,16.19,-0.04,-0.25,"243,593","39,284",4.00,1.85
2022-03-18,中鼎股份,1000887,16.46,16.68,16.03,16.23,-0.37,-2.23,"272,625","44,194",3.92,2.07
2022-03-17,中鼎股份,1000887,16.40,17.08,15.94,16.60,0.62,3.88,"428,053","70,923",7.13,3.25
2022-03-16,中鼎股份,1000887,15.40,16.06,14.72,15.98,0.98,6.53,"311,782","48,127",8.93,2.37
2022-03-15,中鼎股份,1000887,15.51,15.91,14.99,15.00,-0.65,-4.15,"307,712","47,618",5.88,2.34
2022-03-14,中鼎股份,1000887,15.98,15.98,15.60,15.65,-0.65,-3.99,"255,254","40,230",2.33,1.94
2022-03-11,中鼎股份,1000887,15.95,16.36,15.77,16.30,-0.06,-0.37,"255,871","41,199",3.61,1.94
2022-03-10,中鼎股份,1000887,16.61,16.95,16.24,16.36,0.37,2.31,"408,955","67,818",4.44,3.11
2022-03-09,中鼎股份,1000887,15.65,16.16,15.24,15.99,0.56,3.63,"428,385","67,744",5.96,3.25
2022-03-08,中鼎股份,1000887,15.60,15.88,15.28,15.43,-0.01,-0.06,"362,417","56,656",3.89,2.75
2022-03-07,中鼎股份,1000887,15.78,15.93,15.25,15.44,-0.65,-4.04,"414,575","64,625",4.23,3.15
2022-03-04,中鼎股份,1000887,17.18,17.18,15.89,16.09,-1.54,-8.74,"898,023","146,446",7.32,6.82
2022-03-03,中鼎股份,1000887,19.63,19.74,17.63,17.63,-1.96,-10.01,"723,120","131,110",10.77,5.97
2022-03-02,中鼎股份,1000887,19.91,20.09,19.53,19.59,-0.63,-3.12,"220,649","43,597",2.77,1.82
2022-03-01,中鼎股份,1000887,20.66,21.16,20.08,20.22,-0.19,-0.93,"223,259","45,649",5.29,1.84
2022-02-28,中鼎股份,1000887,20.38,20.53,19.60,20.41,0.27,1.34,"270,841","54,570",4.62,2.24
2022-02-25,中鼎股份,1000887,20.48,21.04,20.00,20.14,0.49,2.49,"329,671","67,233",5.29,2.72
2022-02-24,中鼎股份,1000887,19.90,20.53,19.18,19.65,-0.37,-1.85,"411,813","81,934",6.74,3.40
2022-02-23,中鼎股份,1000887,18.95,20.23,18.88,20.02,1.06,5.59,"506,636","100,422",7.12,4.18
2022-02-22,中鼎股份,1000887,19.03,19.08,18.43,18.96,-0.16,-0.84,"297,149","55,782",3.40,2.45
2022-02-21,中鼎股份,1000887,19.22,19.43,18.70,19.12,-0.14,-0.73,"237,450","45,187",3.79,1.96
2022-02-18,中鼎股份,1000887,19.20,19.72,19.15,19.26,-0.43,-2.18,"245,418","47,417",2.89,2.03
2022-02-17,中鼎股份,1000887,19.70,20.07,19.04,19.69,0.11,0.56,"350,327","68,569",5.26,2.89
2022-02-16,中鼎股份,1000887,19.55,19.90,19.10,19.58,0.18,0.93,"364,460","71,409",4.12,3.01
2022-02-15,中鼎股份,1000887,18.46,19.50,18.00,19.40,1.40,7.78,"513,030","97,148",8.33,4.24
2022-02-14,中鼎股份,1000887,18.00,18.70,17.86,18.00,-0.28,-1.53,"294,064","53,511",4.60,2.43
2022-02-11,中鼎股份,1000887,19.15,19.36,18.17,18.28,-0.98,-5.09,"308,725","57,482",6.18,2.55
2022-02-10,中鼎股份,1000887,19.20,19.70,19.02,19.26,0.04,0.21,"286,050","55,260",3.54,2.36
2022-02-09,中鼎股份,1000887,18.12,19.32,17.60,19.22,1.19,6.60,"510,559","94,861",9.54,4.21
2022-02-08,中鼎股份,1000887,19.43,19.44,17.31,18.03,-1.07,-5.60,"608,498","108,903",11.15,5.02
2022-02-07,中鼎股份,1000887,20.45,20.71,18.96,19.10,-0.75,-3.78,"317,387","62,431",8.82,2.62
2022-01-28,中鼎股份,1000887,21.37,21.48,19.75,19.85,-1.16,-5.52,"326,163","66,272",8.23,2.69
2022-01-27,中鼎股份,1000887,22.46,22.67,20.83,21.01,-1.50,-6.66,"362,824","77,966",8.17,3.00
2022-01-26,中鼎股份,1000887,22.77,23.12,22.21,22.51,-0.34,-1.49,"257,887","58,306",3.98,2.13
2022-01-25,中鼎股份,1000887,23.00,23.43,22.46,22.85,-0.39,-1.68,"311,932","71,320",4.17,2.58
2022-01-24,中鼎股份,1000887,22.05,23.69,21.81,23.24,0.57,2.51,"311,261","71,798",8.29,2.57
2022-01-21,中鼎股份,1000887,22.88,23.42,22.43,22.67,-0.21,-0.92,"271,371","61,805",4.33,2.24
2022-01-20,中鼎股份,1000887,24.16,24.40,22.63,22.88,-1.94,-7.82,"444,449","103,624",7.13,3.67
2022-01-19,中鼎股份,1000887,25.77,25.78,24.29,24.82,-0.86,-3.35,"319,316","79,321",5.80,2.64
2022-01-18,中鼎股份,1000887,25.60,26.06,25.00,25.68,0.05,0.20,"309,432","78,821",4.14,2.55
2022-01-17,中鼎股份,1000887,24.06,26.29,23.87,25.63,1.23,5.04,"478,952","121,073",9.92,3.95
2022-01-14,中鼎股份,1000887,22.31,24.66,22.12,24.40,1.98,8.83,"477,992","115,161",11.33,3.95
2022-01-13,中鼎股份,1000887,22.53,23.24,21.72,22.42,0.17,0.76,"330,352","74,596",6.83,2.73
2022-01-12,中鼎股份,1000887,21.05,22.51,20.56,22.25,1.35,6.46,"293,812","63,859",9.33,2.41
2022-01-11,中鼎股份,1000887,21.57,21.82,20.80,20.90,-0.76,-3.51,"219,364","46,653",4.71,1.80
2022-01-10,中鼎股份,1000887,20.70,22.05,20.03,21.66,0.88,4.23,"293,278","62,542",9.72,2.40
2022-01-07,中鼎股份,1000887,20.70,21.36,20.22,20.78,0.08,0.39,"246,074","51,211",5.51,2.02
2022-01-06,中鼎股份,1000887,19.97,20.99,19.51,20.70,0.73,3.66,"262,338","53,366",7.41,2.15
2022-01-05,中鼎股份,1000887,20.49,20.67,19.80,19.97,-0.51,-2.49,"273,389","54,935",4.25,2.24
2022-01-04,中鼎股份,1000887,21.97,22.05,20.30,20.48,-1.33,-6.10,"311,972","65,035",8.02,2.56
