日期,公司名,公司code,开盘价,最高价,最低价,收盘价,涨跌额,涨跌幅(%),成交量(手),成交金额(万元),振幅(%),换手率(%)
2017-06-30,津滨发展,1000897,4.74,4.75,4.68,4.70,-0.05,-1.05,"117,248","5,523",1.47,0.73
2017-06-29,津滨发展,1000897,4.74,4.80,4.73,4.75,0.02,0.42,"114,200","5,438",1.48,0.71
2017-06-28,津滨发展,1000897,4.81,4.81,4.72,4.73,-0.09,-1.87,"171,687","8,155",1.87,1.06
2017-06-27,津滨发展,1000897,4.84,4.90,4.81,4.82,-0.04,-0.82,"135,546","6,559",1.85,0.84
2017-06-26,津滨发展,1000897,4.80,4.87,4.78,4.86,0.03,0.62,"133,411","6,447",1.86,0.82
2017-06-23,津滨发展,1000897,4.84,4.90,4.74,4.83,-0.05,-1.02,"233,178","11,237",3.28,1.44
2017-06-22,津滨发展,1000897,5.04,5.07,4.82,4.88,-0.17,-3.37,"251,352","12,537",4.95,1.55
2017-06-21,津滨发展,1000897,5.05,5.08,4.99,5.05,0.01,0.20,"179,797","9,034",1.79,1.11
2017-06-20,津滨发展,1000897,5.01,5.09,5.01,5.04,0.02,0.40,"223,301","11,256",1.59,1.38
2017-06-19,津滨发展,1000897,5.06,5.07,4.99,5.02,-0.06,-1.18,"244,215","12,256",1.57,1.51
2017-06-16,津滨发展,1000897,4.98,5.11,4.95,5.08,0.10,2.01,"333,642","16,827",3.21,2.06
2017-06-15,津滨发展,1000897,4.94,4.99,4.92,4.98,0.03,0.61,"149,084","7,409",1.41,0.92
2017-06-14,津滨发展,1000897,5.02,5.03,4.93,4.95,-0.06,-1.20,"154,352","7,658",2.00,0.95
2017-06-13,津滨发展,1000897,4.97,5.04,4.92,5.01,0.03,0.60,"130,583","6,532",2.41,0.81
2017-06-12,津滨发展,1000897,5.07,5.11,4.95,4.98,-0.12,-2.35,"185,314","9,287",3.14,1.15
2017-06-09,津滨发展,1000897,5.10,5.15,5.02,5.10,0.05,0.99,"222,829","11,329",2.57,1.38
2017-06-08,津滨发展,1000897,5.07,5.14,5.01,5.05,-0.04,-0.79,"252,028","12,784",2.55,1.56
2017-06-07,津滨发展,1000897,4.94,5.12,4.93,5.09,0.13,2.62,"306,920","15,531",3.83,1.90
2017-06-06,津滨发展,1000897,4.93,4.97,4.90,4.96,-0.01,-0.20,"144,753","7,152",1.41,0.90
2017-06-05,津滨发展,1000897,4.93,4.98,4.89,4.97,0.04,0.81,"168,285","8,321",1.83,1.04
2017-06-02,津滨发展,1000897,4.82,4.96,4.77,4.93,0.10,2.07,"191,702","9,360",3.93,1.19
2017-06-01,津滨发展,1000897,5.00,5.01,4.83,4.83,-0.20,-3.98,"217,548","10,677",3.58,1.35
2017-05-31,津滨发展,1000897,5.10,5.13,5.03,5.03,0.01,0.20,"206,276","10,464",1.99,1.28
2017-05-26,津滨发展,1000897,5.05,5.12,5.02,5.02,-0.03,-0.59,"240,986","12,208",1.98,1.49
2017-05-25,津滨发展,1000897,4.95,5.10,4.92,5.05,0.07,1.41,"288,265","14,502",3.61,1.78
2017-05-24,津滨发展,1000897,4.77,5.01,4.73,4.98,0.12,2.47,"243,882","11,879",5.76,1.51
2017-05-23,津滨发展,1000897,5.01,5.15,4.84,4.86,-0.18,-3.57,"255,981","12,807",6.15,1.58
2017-05-22,津滨发展,1000897,5.20,5.20,5.01,5.04,-0.21,-4.00,"310,715","15,795",3.62,1.92
2017-05-19,津滨发展,1000897,5.18,5.30,5.14,5.25,0.06,1.16,"255,156","13,341",3.08,1.58
2017-05-18,津滨发展,1000897,5.33,5.37,5.13,5.19,-0.21,-3.89,"440,851","23,144",4.44,2.73
2017-05-17,津滨发展,1000897,5.30,5.54,5.25,5.40,0.05,0.93,"600,647","32,553",5.42,3.71
2017-05-16,津滨发展,1000897,5.10,5.38,5.03,5.35,0.20,3.88,"603,698","31,606",6.80,3.73
2017-05-15,津滨发展,1000897,5.09,5.26,5.02,5.15,0.08,1.58,"401,805","20,651",4.73,2.48
2017-05-12,津滨发展,1000897,5.04,5.19,4.91,5.07,-0.01,-0.20,"377,887","19,159",5.51,2.34
2017-05-11,津滨发展,1000897,4.95,5.09,4.73,5.08,0.08,1.60,"372,879","18,528",7.20,2.31
2017-05-10,津滨发展,1000897,5.18,5.29,4.94,5.00,-0.17,-3.29,"357,171","18,223",6.77,2.21
2017-05-09,津滨发展,1000897,5.15,5.20,5.02,5.17,0.06,1.17,"289,385","14,879",3.52,1.79
2017-05-08,津滨发展,1000897,5.60,5.68,5.08,5.11,-0.52,-9.24,"593,634","31,867",10.66,3.67
2017-05-05,津滨发展,1000897,5.62,5.83,5.52,5.63,-0.09,-1.57,"592,550","33,734",5.42,3.66
2017-05-04,津滨发展,1000897,5.53,5.95,5.52,5.72,0.12,2.14,"822,753","47,557",7.68,5.09
2017-05-03,津滨发展,1000897,5.85,5.88,5.52,5.60,-0.33,-5.56,"710,611","40,329",6.07,4.39
2017-05-02,津滨发展,1000897,5.80,6.00,5.70,5.93,0.08,1.37,"769,347","45,020",5.13,4.76
2017-04-28,津滨发展,1000897,5.60,5.93,5.60,5.85,0.19,3.36,"770,737","44,717",5.83,4.77
2017-04-27,津滨发展,1000897,5.68,5.98,5.64,5.66,-0.11,-1.91,"1,000,599","57,952",5.89,6.19
2017-04-26,津滨发展,1000897,5.48,5.86,5.41,5.77,0.23,4.15,"996,618","56,368",8.12,6.16
2017-04-25,津滨发展,1000897,5.31,5.79,5.24,5.54,0.28,5.32,"883,329","49,033",10.46,5.46
2017-04-24,津滨发展,1000897,5.43,5.48,5.21,5.26,-0.15,-2.77,"447,177","23,947",4.99,2.77
2017-04-21,津滨发展,1000897,5.65,5.76,5.37,5.41,-0.30,-5.25,"609,952","33,687",6.83,3.77
2017-04-20,津滨发展,1000897,5.88,5.89,5.52,5.71,-0.25,-4.19,"776,809","44,419",6.21,4.80
2017-04-19,津滨发展,1000897,5.75,6.01,5.61,5.96,0.21,3.65,"994,390","58,346",6.96,6.15
2017-04-18,津滨发展,1000897,5.78,5.95,5.71,5.75,0.04,0.70,"760,713","44,303",4.20,4.70
2017-04-17,津滨发展,1000897,6.05,6.13,5.57,5.71,-0.48,-7.75,"967,072","55,833",9.05,5.98
2017-04-14,津滨发展,1000897,6.45,6.57,6.04,6.19,-0.27,-4.18,"1,308,640","81,303",8.20,8.09
2017-04-13,津滨发展,1000897,6.15,6.67,6.02,6.46,0.14,2.22,"1,592,695","102,696",10.28,9.85
2017-04-12,津滨发展,1000897,7.00,7.00,6.24,6.32,-0.61,-8.80,"2,446,321","160,326",10.97,15.13
2017-04-11,津滨发展,1000897,6.58,6.93,6.43,6.93,0.63,10.00,"1,792,857","122,230",7.94,11.09
2017-04-10,津滨发展,1000897,5.61,6.30,5.55,6.30,0.57,9.95,"2,129,379","129,973",13.09,13.17
2017-04-07,津滨发展,1000897,5.49,6.08,5.25,5.73,0.17,3.06,"2,390,917","135,107",14.93,14.78
2017-04-06,津滨发展,1000897,5.36,5.56,5.07,5.56,0.51,10.10,"2,225,782","121,582",9.70,13.76
2017-04-05,津滨发展,1000897,5.05,5.05,4.94,5.05,0.46,10.02,"450,960","22,761",2.40,2.79
2017-03-31,津滨发展,1000897,4.70,4.71,4.50,4.59,-0.09,-1.92,"163,791","7,602",4.49,1.01
2017-03-30,津滨发展,1000897,4.79,4.83,4.66,4.68,-0.13,-2.70,"220,719","10,429",3.53,1.36
2017-03-29,津滨发展,1000897,4.90,4.94,4.78,4.81,-0.08,-1.64,"223,719","10,831",3.27,1.38
2017-03-28,津滨发展,1000897,4.96,4.98,4.89,4.89,-0.07,-1.41,"150,900","7,429",1.81,0.93
2017-03-27,津滨发展,1000897,4.94,4.98,4.90,4.96,0.00,0.00,"160,751","7,952",1.61,0.99
2017-03-24,津滨发展,1000897,4.87,4.97,4.85,4.96,0.07,1.43,"225,985","11,165",2.45,1.40
2017-03-23,津滨发展,1000897,4.88,4.98,4.83,4.89,0.01,0.20,"191,757","9,398",3.07,1.19
2017-03-22,津滨发展,1000897,4.83,4.89,4.79,4.88,0.03,0.62,"207,166","10,015",2.06,1.28
2017-03-21,津滨发展,1000897,4.87,4.89,4.84,4.85,-0.02,-0.41,"129,055","6,272",1.03,0.80
2017-03-20,津滨发展,1000897,4.91,4.91,4.85,4.87,-0.02,-0.41,"113,062","5,508",1.23,0.70
2017-03-17,津滨发展,1000897,4.98,4.99,4.86,4.89,-0.11,-2.20,"195,524","9,658",2.60,1.21
2017-03-16,津滨发展,1000897,4.91,5.05,4.91,5.00,0.11,2.25,"217,005","10,811",2.86,1.34
2017-03-15,津滨发展,1000897,4.93,4.98,4.89,4.89,-0.07,-1.41,"132,268","6,515",1.81,0.82
2017-03-14,津滨发展,1000897,4.90,5.08,4.90,4.96,0.03,0.61,"200,406","9,997",3.65,1.24
2017-03-13,津滨发展,1000897,4.82,4.95,4.80,4.93,0.07,1.44,"155,311","7,620",3.09,0.96
2017-03-10,津滨发展,1000897,4.95,4.98,4.86,4.86,-0.10,-2.02,"182,596","8,958",2.42,1.13
2017-03-09,津滨发展,1000897,4.99,5.03,4.94,4.96,-0.05,-1.00,"174,337","8,690",1.80,1.08
2017-03-08,津滨发展,1000897,5.03,5.08,4.97,5.01,-0.04,-0.79,"227,044","11,408",2.18,1.40
2017-03-07,津滨发展,1000897,5.13,5.18,5.03,5.05,-0.06,-1.17,"230,859","11,742",2.94,1.43
2017-03-06,津滨发展,1000897,5.07,5.13,5.07,5.11,0.01,0.20,"175,180","8,925",1.18,1.08
2017-03-03,津滨发展,1000897,5.17,5.20,5.07,5.10,-0.08,-1.54,"293,385","15,016",2.51,1.81
2017-03-02,津滨发展,1000897,5.24,5.31,5.16,5.18,-0.10,-1.89,"328,871","17,167",2.84,2.03
2017-03-01,津滨发展,1000897,5.12,5.38,5.12,5.28,0.08,1.54,"572,376","30,010",5.00,3.54
2017-02-28,津滨发展,1000897,5.02,5.45,5.01,5.20,0.15,2.97,"560,922","29,318",8.71,3.47
2017-02-27,津滨发展,1000897,5.12,5.24,5.03,5.05,-0.11,-2.13,"320,522","16,419",4.07,1.98
2017-02-24,津滨发展,1000897,5.04,5.21,5.03,5.16,0.10,1.98,"378,779","19,520",3.56,2.34
2017-02-23,津滨发展,1000897,5.15,5.18,5.03,5.06,-0.14,-2.69,"423,484","21,584",2.88,2.62
2017-02-22,津滨发展,1000897,5.08,5.34,5.07,5.20,0.10,1.96,"548,591","28,612",5.29,3.39
2017-02-21,津滨发展,1000897,5.10,5.19,5.06,5.10,-0.02,-0.39,"334,609","17,165",2.54,2.07
2017-02-20,津滨发展,1000897,4.99,5.15,4.99,5.12,0.05,0.99,"457,108","23,058",3.16,2.83
2017-02-17,津滨发展,1000897,5.22,5.50,5.06,5.07,-0.05,-0.98,"932,604","48,935",8.59,5.77
2017-02-16,津滨发展,1000897,4.93,5.27,4.91,5.12,0.16,3.23,"637,504","32,486",7.26,3.94
2017-02-15,津滨发展,1000897,4.88,5.08,4.84,4.96,0.05,1.02,"584,142","29,106",4.89,3.61
2017-02-14,津滨发展,1000897,4.97,4.97,4.82,4.91,-0.06,-1.21,"335,928","16,421",3.02,2.08
2017-02-13,津滨发展,1000897,4.87,4.99,4.85,4.97,0.09,1.84,"498,695","24,566",2.87,3.08
2017-02-10,津滨发展,1000897,4.82,5.00,4.81,4.88,0.06,1.24,"529,206","25,998",3.94,3.27
2017-02-09,津滨发展,1000897,4.82,4.87,4.77,4.82,-0.01,-0.21,"358,994","17,285",2.07,2.22
2017-02-08,津滨发展,1000897,4.72,4.83,4.71,4.83,0.05,1.05,"399,078","19,102",2.51,2.47
2017-02-07,津滨发展,1000897,4.61,4.88,4.57,4.78,0.17,3.69,"419,251","19,735",6.72,2.59
2017-02-06,津滨发展,1000897,4.55,4.61,4.54,4.61,0.01,0.22,"172,285","7,890",1.52,1.07
2017-02-03,津滨发展,1000897,4.67,4.70,4.60,4.60,-0.07,-1.50,"125,357","5,837",2.14,0.78
2017-01-26,津滨发展,1000897,4.66,4.68,4.61,4.67,0.01,0.21,"152,523","7,094",1.50,0.94
2017-01-25,津滨发展,1000897,4.68,4.74,4.64,4.66,-0.01,-0.21,"193,195","9,062",2.14,1.19
2017-01-24,津滨发展,1000897,4.72,4.76,4.66,4.67,-0.07,-1.48,"185,794","8,746",2.11,1.15
2017-01-23,津滨发展,1000897,4.71,4.79,4.68,4.74,-0.01,-0.21,"287,156","13,581",2.32,1.78
2017-01-20,津滨发展,1000897,4.59,4.84,4.57,4.75,0.11,2.37,"396,625","18,684",5.82,2.45
2017-01-19,津滨发展,1000897,4.56,4.82,4.54,4.64,0.03,0.65,"386,068","18,147",6.07,2.39
2017-01-18,津滨发展,1000897,4.46,4.67,4.44,4.61,0.10,2.22,"299,244","13,713",5.10,1.85
2017-01-17,津滨发展,1000897,4.41,4.52,4.28,4.51,0.09,2.04,"279,198","12,273",5.43,1.73
2017-01-16,津滨发展,1000897,4.57,4.65,4.17,4.42,-0.18,-3.91,"349,344","15,702",10.43,2.16
2017-01-13,津滨发展,1000897,4.71,4.83,4.57,4.60,-0.24,-4.96,"375,575","17,727",5.37,2.32
2017-01-12,津滨发展,1000897,4.70,4.93,4.63,4.84,0.09,1.89,"558,871","26,693",6.32,3.46
2017-01-11,津滨发展,1000897,4.78,4.86,4.75,4.75,-0.03,-0.63,"384,519","18,440",2.30,2.38
2017-01-10,津滨发展,1000897,4.95,4.98,4.77,4.78,-0.26,-5.16,"688,189","33,486",4.17,4.26
2017-01-09,津滨发展,1000897,4.83,5.30,4.71,5.04,0.21,4.35,"1,316,613","64,987",12.22,8.14
2017-01-06,津滨发展,1000897,4.39,4.83,4.38,4.83,0.44,10.02,"973,427","46,735",10.25,6.02
2017-01-05,津滨发展,1000897,4.39,4.43,4.37,4.39,-0.01,-0.23,"80,976","3,560",1.36,0.50
2017-01-04,津滨发展,1000897,4.36,4.43,4.35,4.40,0.02,0.46,"109,367","4,802",1.83,0.68
2017-01-03,津滨发展,1000897,4.29,4.38,4.28,4.38,0.10,2.34,"120,242","5,216",2.34,0.74
2017-12-29,津滨发展,1000897,3.35,3.40,3.34,3.38,0.04,1.20,"49,347","1,664",1.80,0.31
2017-12-28,津滨发展,1000897,3.34,3.38,3.32,3.34,0.00,0.00,"67,540","2,264",1.80,0.42
2017-12-27,津滨发展,1000897,3.32,3.37,3.31,3.34,0.02,0.60,"63,246","2,114",1.81,0.39
2017-12-26,津滨发展,1000897,3.35,3.37,3.28,3.32,-0.03,-0.90,"73,099","2,431",2.69,0.45
2017-12-25,津滨发展,1000897,3.45,3.47,3.35,3.35,-0.10,-2.90,"65,874","2,232",3.48,0.41
2017-12-22,津滨发展,1000897,3.47,3.48,3.45,3.45,-0.02,-0.58,"31,373","1,087",0.86,0.19
2017-12-21,津滨发展,1000897,3.47,3.48,3.41,3.47,0.00,0.00,"43,440","1,498",2.02,0.27
2017-12-20,津滨发展,1000897,3.52,3.53,3.46,3.47,-0.04,-1.14,"46,996","1,634",1.99,0.29
2017-12-19,津滨发展,1000897,3.50,3.54,3.50,3.51,0.01,0.29,"42,433","1,493",1.14,0.26
2017-12-18,津滨发展,1000897,3.51,3.53,3.48,3.50,-0.01,-0.28,"42,135","1,476",1.42,0.26
2017-12-15,津滨发展,1000897,3.52,3.53,3.47,3.51,-0.01,-0.28,"51,642","1,807",1.70,0.32
2017-12-14,津滨发展,1000897,3.52,3.52,3.48,3.52,-0.01,-0.28,"44,940","1,572",1.13,0.28
2017-12-13,津滨发展,1000897,3.51,3.53,3.51,3.53,0.03,0.86,"30,659","1,079",0.57,0.19
2017-12-12,津滨发展,1000897,3.55,3.55,3.50,3.50,-0.03,-0.85,"28,173",992,1.42,0.17
2017-12-11,津滨发展,1000897,3.53,3.55,3.52,3.53,0.01,0.28,"38,734","1,370",0.85,0.24
2017-12-08,津滨发展,1000897,3.49,3.54,3.48,3.52,0.04,1.15,"49,686","1,748",1.72,0.31
2017-12-07,津滨发展,1000897,3.49,3.50,3.46,3.48,0.00,0.00,"45,987","1,603",1.15,0.28
2017-12-06,津滨发展,1000897,3.48,3.49,3.44,3.48,0.01,0.29,"53,568","1,856",1.44,0.33
2017-12-05,津滨发展,1000897,3.61,3.63,3.45,3.47,-0.14,-3.88,"111,074","3,913",4.99,0.69
2017-12-04,津滨发展,1000897,3.67,3.68,3.61,3.61,-0.07,-1.90,"48,566","1,772",1.90,0.30
2017-12-01,津滨发展,1000897,3.66,3.69,3.63,3.68,0.03,0.82,"44,846","1,647",1.64,0.28
2017-11-30,津滨发展,1000897,3.69,3.71,3.65,3.65,-0.05,-1.35,"48,905","1,799",1.62,0.30
2017-11-29,津滨发展,1000897,3.71,3.73,3.64,3.70,-0.02,-0.54,"59,894","2,203",2.42,0.37
2017-11-28,津滨发展,1000897,3.67,3.73,3.65,3.72,0.03,0.81,"59,922","2,213",2.17,0.37
2017-11-27,津滨发展,1000897,3.68,3.71,3.66,3.69,0.03,0.82,"61,353","2,265",1.37,0.38
2017-11-24,津滨发展,1000897,3.63,3.69,3.58,3.66,0.03,0.83,"60,416","2,206",3.03,0.37
2017-11-23,津滨发展,1000897,3.71,3.72,3.62,3.63,-0.09,-2.42,"81,756","3,005",2.69,0.51
2017-11-22,津滨发展,1000897,3.70,3.76,3.70,3.72,0.02,0.54,"69,022","2,578",1.62,0.43
2017-11-21,津滨发展,1000897,3.70,3.74,3.69,3.70,-0.01,-0.27,"62,595","2,321",1.35,0.39
2017-11-20,津滨发展,1000897,3.75,3.75,3.65,3.71,-0.05,-1.33,"93,854","3,456",2.66,0.58
2017-11-17,津滨发展,1000897,3.91,3.92,3.75,3.76,-0.15,-3.84,"126,634","4,828",4.35,0.78
2017-11-16,津滨发展,1000897,3.92,3.96,3.91,3.91,-0.01,-0.26,"76,892","3,026",1.28,0.48
2017-11-15,津滨发展,1000897,4.00,4.00,3.90,3.92,-0.09,-2.24,"103,245","4,063",2.49,0.64
2017-11-14,津滨发展,1000897,4.05,4.06,3.99,4.01,-0.04,-0.99,"88,145","3,541",1.73,0.55
2017-11-13,津滨发展,1000897,4.05,4.07,4.04,4.05,0.00,0.00,"52,834","2,141",0.74,0.33
2017-11-10,津滨发展,1000897,4.10,4.10,4.04,4.05,-0.05,-1.22,"80,635","3,275",1.46,0.50
2017-11-09,津滨发展,1000897,4.10,4.12,4.08,4.10,0.01,0.24,"50,125","2,056",0.98,0.31
2017-11-08,津滨发展,1000897,4.07,4.13,4.06,4.09,0.01,0.25,"81,404","3,336",1.72,0.50
2017-11-07,津滨发展,1000897,4.09,4.10,4.04,4.08,0.00,0.00,"73,956","3,006",1.47,0.46
2017-11-06,津滨发展,1000897,4.09,4.11,4.03,4.08,-0.03,-0.73,"73,845","3,000",1.95,0.46
2017-11-03,津滨发展,1000897,4.10,4.15,4.06,4.11,-0.01,-0.24,"97,239","3,974",2.18,0.60
2017-11-02,津滨发展,1000897,4.09,4.24,4.08,4.12,0.03,0.73,"118,618","4,928",3.91,0.73
2017-11-01,津滨发展,1000897,4.08,4.13,4.06,4.09,0.01,0.25,"58,575","2,396",1.72,0.36
2017-10-31,津滨发展,1000897,4.09,4.14,4.05,4.08,0.01,0.25,"74,170","3,027",2.21,0.46
2017-10-30,津滨发展,1000897,4.16,4.18,4.05,4.07,-0.10,-2.40,"98,714","4,035",3.12,0.61
2017-10-27,津滨发展,1000897,4.22,4.22,4.16,4.17,-0.06,-1.42,"65,599","2,745",1.42,0.41
2017-10-26,津滨发展,1000897,4.20,4.28,4.16,4.23,0.03,0.71,"112,164","4,723",2.86,0.69
2017-10-25,津滨发展,1000897,4.18,4.25,4.18,4.20,0.02,0.48,"61,880","2,608",1.67,0.38
2017-10-24,津滨发展,1000897,4.22,4.22,4.15,4.18,-0.04,-0.95,"73,285","3,065",1.66,0.45
2017-10-23,津滨发展,1000897,4.15,4.36,4.14,4.22,0.07,1.69,"153,591","6,538",5.30,0.95
2017-10-20,津滨发展,1000897,4.08,4.17,4.07,4.15,0.07,1.72,"56,341","2,328",2.45,0.35
2017-10-19,津滨发展,1000897,4.16,4.17,4.07,4.08,-0.08,-1.92,"83,916","3,447",2.40,0.52
2017-10-18,津滨发展,1000897,4.21,4.23,4.16,4.16,-0.06,-1.42,"69,789","2,929",1.66,0.43
2017-10-17,津滨发展,1000897,4.21,4.22,4.18,4.22,0.01,0.24,"52,233","2,196",0.95,0.32
2017-10-16,津滨发展,1000897,4.29,4.30,4.21,4.21,-0.09,-2.09,"97,915","4,150",2.09,0.61
2017-10-13,津滨发展,1000897,4.27,4.33,4.25,4.30,0.04,0.94,"79,417","3,406",1.88,0.49
2017-10-12,津滨发展,1000897,4.29,4.30,4.24,4.26,-0.04,-0.93,"77,839","3,320",1.40,0.48
2017-10-11,津滨发展,1000897,4.30,4.35,4.28,4.30,0.00,0.00,"90,311","3,895",1.63,0.56
2017-10-10,津滨发展,1000897,4.28,4.30,4.26,4.30,0.02,0.47,"67,990","2,906",0.93,0.42
2017-10-09,津滨发展,1000897,4.29,4.33,4.26,4.28,0.06,1.42,"76,856","3,292",1.66,0.48
2017-09-29,津滨发展,1000897,4.23,4.26,4.20,4.22,0.00,0.00,"69,394","2,933",1.42,0.43
2017-09-28,津滨发展,1000897,4.29,4.29,4.22,4.22,-0.07,-1.63,"67,805","2,884",1.63,0.42
2017-09-27,津滨发展,1000897,4.26,4.30,4.25,4.29,0.03,0.70,"55,629","2,381",1.17,0.34
2017-09-26,津滨发展,1000897,4.25,4.28,4.24,4.26,0.01,0.24,"50,297","2,143",0.94,0.31
2017-09-25,津滨发展,1000897,4.36,4.37,4.25,4.25,-0.12,-2.75,"138,171","5,939",2.75,0.85
2017-09-22,津滨发展,1000897,4.38,4.43,4.36,4.37,-0.03,-0.68,"114,846","5,039",1.59,0.71
2017-09-21,津滨发展,1000897,4.48,4.50,4.40,4.40,-0.09,-2.00,"139,938","6,211",2.23,0.87
2017-09-20,津滨发展,1000897,4.52,4.52,4.45,4.49,-0.02,-0.44,"205,524","9,188",1.55,1.27
2017-09-19,津滨发展,1000897,4.42,4.59,4.40,4.51,0.09,2.04,"436,927","19,771",4.30,2.70
2017-09-18,津滨发展,1000897,4.42,4.44,4.40,4.42,-0.02,-0.45,"100,320","4,428",0.90,0.62
2017-09-15,津滨发展,1000897,4.36,4.46,4.35,4.44,0.07,1.60,"213,996","9,472",2.52,1.32
2017-09-14,津滨发展,1000897,4.41,4.41,4.36,4.37,-0.03,-0.68,"100,551","4,406",1.14,0.62
2017-09-13,津滨发展,1000897,4.40,4.42,4.38,4.40,0.00,0.00,"89,111","3,914",0.91,0.55
2017-09-12,津滨发展,1000897,4.43,4.45,4.39,4.40,-0.03,-0.68,"123,160","5,452",1.35,0.76
2017-09-11,津滨发展,1000897,4.42,4.44,4.40,4.43,0.02,0.45,"94,758","4,190",0.91,0.59
2017-09-08,津滨发展,1000897,4.42,4.44,4.39,4.41,0.00,0.00,"96,895","4,278",1.13,0.60
2017-09-07,津滨发展,1000897,4.43,4.47,4.40,4.41,-0.01,-0.23,"160,470","7,118",1.58,0.99
2017-09-06,津滨发展,1000897,4.44,4.44,4.40,4.42,-0.04,-0.90,"117,005","5,174",0.90,0.72
2017-09-05,津滨发展,1000897,4.43,4.47,4.39,4.46,0.02,0.45,"146,802","6,490",1.80,0.91
2017-09-04,津滨发展,1000897,4.46,4.46,4.41,4.44,-0.02,-0.45,"121,197","5,374",1.12,0.75
2017-09-01,津滨发展,1000897,4.52,4.52,4.45,4.46,-0.04,-0.89,"123,616","5,523",1.56,0.76
2017-08-31,津滨发展,1000897,4.46,4.55,4.44,4.50,0.02,0.45,"138,400","6,228",2.46,0.86
2017-08-30,津滨发展,1000897,4.42,4.49,4.42,4.48,0.04,0.90,"118,639","5,295",1.58,0.73
2017-08-29,津滨发展,1000897,4.47,4.51,4.42,4.44,-0.05,-1.11,"123,989","5,550",2.00,0.77
2017-08-28,津滨发展,1000897,4.46,4.52,4.46,4.49,0.03,0.67,"143,608","6,453",1.35,0.89
2017-08-25,津滨发展,1000897,4.43,4.49,4.40,4.46,0.00,0.00,"121,314","5,399",2.02,0.75
2017-08-24,津滨发展,1000897,4.41,4.54,4.40,4.46,0.05,1.13,"155,316","6,947",3.17,0.96
2017-08-23,津滨发展,1000897,4.47,4.49,4.39,4.41,-0.06,-1.34,"114,305","5,065",2.24,0.71
2017-08-22,津滨发展,1000897,4.54,4.57,4.47,4.47,-0.12,-2.61,"184,336","8,329",2.18,1.14
2017-08-21,津滨发展,1000897,4.55,4.70,4.46,4.59,0.07,1.55,"273,190","12,485",5.31,1.69
2017-08-18,津滨发展,1000897,4.44,4.57,4.41,4.52,0.05,1.12,"261,295","11,786",3.58,1.62
2017-08-17,津滨发展,1000897,4.47,4.51,4.42,4.47,0.00,0.00,"204,042","9,089",2.01,1.26
2017-08-16,津滨发展,1000897,4.35,4.68,4.35,4.47,0.11,2.52,"340,770","15,317",7.57,2.11
2017-08-15,津滨发展,1000897,4.35,4.38,4.33,4.36,0.01,0.23,"113,283","4,933",1.15,0.70
2017-08-14,津滨发展,1000897,4.25,4.36,4.24,4.35,0.10,2.35,"161,729","6,997",2.82,1.00
2017-08-11,津滨发展,1000897,4.26,4.34,4.19,4.25,-0.05,-1.16,"192,599","8,198",3.49,1.19
2017-08-10,津滨发展,1000897,4.36,4.38,4.27,4.30,-0.05,-1.15,"162,528","7,018",2.53,1.00
2017-08-09,津滨发展,1000897,4.37,4.40,4.34,4.35,-0.02,-0.46,"116,432","5,086",1.37,0.72
2017-08-08,津滨发展,1000897,4.46,4.46,4.34,4.37,0.02,0.46,"192,151","8,441",2.76,1.19
2017-08-07,津滨发展,1000897,4.31,4.36,4.30,4.35,0.02,0.46,"100,715","4,367",1.39,0.62
2017-08-04,津滨发展,1000897,4.38,4.42,4.33,4.33,-0.02,-0.46,"161,288","7,054",2.07,1.00
2017-08-03,津滨发展,1000897,4.30,4.41,4.30,4.35,0.03,0.69,"155,625","6,787",2.55,0.96
2017-08-02,津滨发展,1000897,4.35,4.39,4.28,4.32,-0.03,-0.69,"185,388","8,017",2.53,1.15
2017-08-01,津滨发展,1000897,4.26,4.42,4.22,4.35,0.10,2.35,"259,604","11,211",4.71,1.61
2017-07-31,津滨发展,1000897,4.25,4.28,4.22,4.25,0.01,0.24,"101,578","4,316",1.42,0.63
2017-07-28,津滨发展,1000897,4.26,4.28,4.23,4.24,-0.03,-0.70,"85,069","3,617",1.17,0.53
2017-07-27,津滨发展,1000897,4.20,4.30,4.19,4.27,0.07,1.67,"158,711","6,746",2.62,0.98
2017-07-26,津滨发展,1000897,4.20,4.22,4.17,4.20,0.00,0.00,"86,818","3,636",1.19,0.54
2017-07-25,津滨发展,1000897,4.23,4.25,4.18,4.20,-0.03,-0.71,"96,331","4,056",1.65,0.60
2017-07-24,津滨发展,1000897,4.20,4.25,4.15,4.23,0.05,1.20,"119,831","5,055",2.39,0.74
2017-07-21,津滨发展,1000897,4.23,4.26,4.17,4.18,-0.07,-1.65,"132,939","5,608",2.12,0.82
2017-07-20,津滨发展,1000897,4.23,4.32,4.22,4.25,0.00,0.00,"158,306","6,762",2.35,0.98
2017-07-19,津滨发展,1000897,4.17,4.26,4.13,4.25,0.08,1.92,"153,209","6,419",3.12,0.95
2017-07-18,津滨发展,1000897,4.13,4.19,4.10,4.17,0.02,0.48,"129,425","5,375",2.17,0.80
2017-07-17,津滨发展,1000897,4.50,4.51,4.07,4.15,-0.35,-7.78,"294,163","12,384",9.78,1.82
2017-07-14,津滨发展,1000897,4.53,4.56,4.49,4.50,-0.10,-2.17,"180,994","8,177",1.52,1.12
2017-07-13,津滨发展,1000897,4.61,4.62,4.57,4.60,-0.03,-0.65,"103,017","4,731",1.08,0.64
2017-07-12,津滨发展,1000897,4.70,4.72,4.53,4.63,-0.07,-1.49,"165,770","7,653",4.04,1.03
2017-07-11,津滨发展,1000897,4.77,4.78,4.70,4.70,-0.09,-1.88,"140,056","6,644",1.67,0.87
2017-07-10,津滨发展,1000897,4.76,4.83,4.72,4.79,0.01,0.21,"163,060","7,790",2.30,1.01
2017-07-07,津滨发展,1000897,4.78,4.79,4.75,4.78,0.01,0.21,"88,890","4,239",0.84,0.55
2017-07-06,津滨发展,1000897,4.80,4.84,4.76,4.77,-0.04,-0.83,"119,063","5,703",1.66,0.74
2017-07-05,津滨发展,1000897,4.75,4.82,4.74,4.81,0.05,1.05,"138,022","6,617",1.68,0.85
2017-07-04,津滨发展,1000897,4.75,4.77,4.74,4.76,-0.01,-0.21,"80,487","3,828",0.63,0.50
2017-07-03,津滨发展,1000897,4.71,4.77,4.71,4.77,0.07,1.49,"108,408","5,148",1.28,0.67
2018-03-30,津滨发展,1000897,3.19,3.22,3.17,3.19,-0.01,-0.31,"74,856","2,390",1.56,0.46
2018-03-29,津滨发展,1000897,3.14,3.20,3.13,3.20,0.06,1.91,"71,911","2,281",2.23,0.44
2018-03-28,津滨发展,1000897,3.10,3.21,3.09,3.14,-0.02,-0.63,"76,354","2,407",3.80,0.47
2018-03-27,津滨发展,1000897,3.15,3.19,3.13,3.16,0.05,1.61,"95,250","3,009",1.93,0.59
2018-03-26,津滨发展,1000897,3.17,3.17,3.01,3.11,-0.12,-3.72,"152,712","4,716",4.95,0.94
2018-03-23,津滨发展,1000897,3.26,3.42,3.19,3.23,-0.11,-3.29,"209,942","6,943",6.89,1.30
2018-03-22,津滨发展,1000897,3.25,3.39,3.24,3.34,0.10,3.09,"186,096","6,221",4.63,1.15
2018-03-21,津滨发展,1000897,3.24,3.30,3.24,3.24,-0.01,-0.31,"58,590","1,917",1.85,0.36
2018-03-20,津滨发展,1000897,3.25,3.27,3.23,3.25,-0.02,-0.61,"54,796","1,779",1.22,0.34
2018-03-19,津滨发展,1000897,3.28,3.30,3.26,3.27,-0.01,-0.30,"38,255","1,256",1.22,0.24
2018-03-16,津滨发展,1000897,3.33,3.34,3.27,3.28,-0.05,-1.50,"65,833","2,177",2.10,0.41
2018-03-15,津滨发展,1000897,3.33,3.37,3.31,3.33,0.01,0.30,"87,084","2,908",1.81,0.54
2018-03-14,津滨发展,1000897,3.33,3.36,3.31,3.32,-0.01,-0.30,"63,895","2,128",1.50,0.40
2018-03-13,津滨发展,1000897,3.38,3.38,3.32,3.33,-0.06,-1.77,"86,600","2,906",1.77,0.54
2018-03-12,津滨发展,1000897,3.35,3.49,3.34,3.39,0.04,1.19,"142,877","4,855",4.48,0.88
2018-03-09,津滨发展,1000897,3.37,3.38,3.32,3.35,-0.01,-0.30,"83,244","2,784",1.79,0.51
2018-03-08,津滨发展,1000897,3.28,3.39,3.26,3.36,0.06,1.82,"129,787","4,327",3.94,0.80
2018-03-07,津滨发展,1000897,3.30,3.35,3.28,3.30,0.01,0.30,"103,738","3,437",2.13,0.64
2018-03-06,津滨发展,1000897,3.24,3.30,3.22,3.29,0.05,1.54,"98,741","3,223",2.47,0.61
2018-03-05,津滨发展,1000897,3.25,3.27,3.20,3.24,-0.01,-0.31,"76,149","2,470",2.15,0.47
2018-03-02,津滨发展,1000897,3.24,3.28,3.22,3.25,-0.02,-0.61,"58,781","1,907",1.83,0.36
2018-03-01,津滨发展,1000897,3.20,3.30,3.19,3.27,0.05,1.55,"87,635","2,857",3.42,0.54
2018-02-28,津滨发展,1000897,3.21,3.26,3.17,3.22,0.01,0.31,"68,432","2,205",2.80,0.42
2018-02-27,津滨发展,1000897,3.24,3.25,3.20,3.21,-0.04,-1.23,"61,435","1,975",1.54,0.38
2018-02-26,津滨发展,1000897,3.30,3.30,3.19,3.25,0.04,1.25,"82,625","2,670",3.43,0.51
2018-02-23,津滨发展,1000897,3.15,3.30,3.15,3.21,0.07,2.23,"128,015","4,134",4.78,0.79
2018-02-22,津滨发展,1000897,3.09,3.15,3.09,3.14,0.06,1.95,"64,314","2,005",1.95,0.40
2018-02-14,津滨发展,1000897,3.08,3.11,3.06,3.08,0.00,0.00,"41,140","1,269",1.62,0.25
2018-02-13,津滨发展,1000897,3.07,3.14,3.07,3.08,0.01,0.33,"64,553","2,003",2.28,0.40
2018-02-12,津滨发展,1000897,3.00,3.08,3.00,3.07,0.08,2.68,"60,710","1,854",2.68,0.38
2018-02-09,津滨发展,1000897,3.05,3.08,2.94,2.99,-0.12,-3.86,"102,863","3,090",4.50,0.64
2018-02-08,津滨发展,1000897,3.09,3.16,3.07,3.11,0.02,0.65,"59,035","1,842",2.91,0.37
2018-02-07,津滨发展,1000897,3.12,3.19,3.00,3.09,0.01,0.32,"74,881","2,322",6.17,0.46
2018-02-06,津滨发展,1000897,3.24,3.26,3.05,3.08,-0.20,-6.10,"95,982","3,044",6.40,0.59
2018-02-05,津滨发展,1000897,3.22,3.31,3.15,3.28,0.02,0.61,"50,528","1,650",4.91,0.31
2018-02-02,津滨发展,1000897,3.26,3.28,3.12,3.26,0.01,0.31,"86,282","2,784",4.92,0.53
2018-02-01,津滨发展,1000897,3.43,3.47,3.23,3.25,-0.20,-5.80,"120,148","4,015",6.96,0.74
2018-01-31,津滨发展,1000897,3.51,3.52,3.40,3.45,-0.18,-4.96,"142,310","4,908",3.31,0.88
2018-01-30,津滨发展,1000897,3.60,3.72,3.60,3.63,0.05,1.40,"99,147","3,631",3.35,0.61
2018-01-29,津滨发展,1000897,3.67,3.70,3.57,3.58,-0.09,-2.45,"96,257","3,490",3.54,0.60
2018-01-26,津滨发展,1000897,3.65,3.72,3.64,3.67,-0.01,-0.27,"82,534","3,041",2.17,0.51
2018-01-25,津滨发展,1000897,3.68,3.72,3.66,3.68,-0.03,-0.81,"119,936","4,413",1.62,0.74
2018-01-24,津滨发展,1000897,3.64,3.88,3.64,3.71,0.05,1.37,"187,079","7,036",6.56,1.16
2018-01-23,津滨发展,1000897,3.62,3.68,3.61,3.66,0.03,0.83,"97,880","3,577",1.93,0.61
2018-01-22,津滨发展,1000897,3.60,3.65,3.58,3.63,0.03,0.83,"80,529","2,907",1.94,0.50
2018-01-19,津滨发展,1000897,3.64,3.68,3.58,3.60,-0.03,-0.83,"112,267","4,067",2.75,0.69
2018-01-18,津滨发展,1000897,3.69,3.73,3.62,3.63,-0.07,-1.89,"120,831","4,417",2.97,0.75
2018-01-17,津滨发展,1000897,3.74,3.77,3.66,3.70,-0.09,-2.37,"161,999","5,983",2.90,1.00
2018-01-16,津滨发展,1000897,3.68,3.82,3.63,3.79,0.08,2.16,"247,417","9,224",5.12,1.53
2018-01-15,津滨发展,1000897,3.78,3.84,3.67,3.71,-0.22,-5.60,"430,415","16,079",4.33,2.66
2018-01-12,津滨发展,1000897,3.62,3.98,3.61,3.93,0.31,8.56,"703,146","27,374",10.22,4.35
2018-01-11,津滨发展,1000897,3.58,3.65,3.54,3.62,0.04,1.12,"95,994","3,464",3.07,0.59
2018-01-10,津滨发展,1000897,3.65,3.66,3.55,3.58,-0.06,-1.65,"101,442","3,646",3.02,0.63
2018-01-09,津滨发展,1000897,3.63,3.73,3.59,3.64,-0.04,-1.09,"125,565","4,593",3.80,0.78
2018-01-08,津滨发展,1000897,3.64,3.76,3.61,3.68,0.04,1.10,"225,982","8,339",4.12,1.40
2018-01-05,津滨发展,1000897,3.54,3.67,3.51,3.64,0.11,3.12,"215,564","7,802",4.53,1.33
2018-01-04,津滨发展,1000897,3.60,3.60,3.51,3.53,-0.08,-2.22,"131,381","4,656",2.49,0.81
2018-01-03,津滨发展,1000897,3.42,3.67,3.41,3.61,0.19,5.56,"238,531","8,537",7.60,1.47
2018-01-02,津滨发展,1000897,3.40,3.47,3.39,3.42,0.04,1.18,"81,609","2,800",2.37,0.50
2018-09-28,津滨发展,1000897,2.55,2.57,2.53,2.54,-0.04,-1.55,"94,575","2,413",1.55,0.58
2018-09-27,津滨发展,1000897,2.52,2.70,2.47,2.58,0.06,2.38,"179,285","4,575",9.13,1.11
2018-09-26,津滨发展,1000897,2.55,2.56,2.50,2.52,-0.01,-0.40,"89,136","2,255",2.37,0.55
2018-09-25,津滨发展,1000897,2.53,2.59,2.52,2.53,-0.10,-3.80,"140,855","3,575",2.66,0.87
2018-09-21,津滨发展,1000897,2.59,2.66,2.58,2.63,0.03,1.15,"208,006","5,467",3.08,1.29
2018-09-20,津滨发展,1000897,2.56,2.62,2.54,2.60,0.04,1.56,"173,042","4,472",3.13,1.07
2018-09-19,津滨发展,1000897,2.52,2.59,2.50,2.56,0.04,1.59,"147,203","3,764",3.57,0.91
2018-09-18,津滨发展,1000897,2.48,2.55,2.46,2.52,0.04,1.61,"81,973","2,059",3.63,0.51
2018-09-17,津滨发展,1000897,2.51,2.54,2.47,2.48,-0.06,-2.36,"76,496","1,909",2.76,0.47
2018-09-14,津滨发展,1000897,2.50,2.61,2.48,2.54,0.03,1.20,"131,354","3,332",5.18,0.81
2018-09-13,津滨发展,1000897,2.53,2.54,2.47,2.51,0.01,0.40,"60,607","1,516",2.80,0.37
2018-09-12,津滨发展,1000897,2.47,2.52,2.46,2.50,0.03,1.21,"53,218","1,327",2.43,0.33
2018-09-11,津滨发展,1000897,2.45,2.50,2.45,2.47,0.02,0.82,"58,299","1,440",2.04,0.36
2018-09-10,津滨发展,1000897,2.57,2.59,2.45,2.45,-0.11,-4.30,"103,668","2,599",5.47,0.64
2018-09-07,津滨发展,1000897,2.46,2.61,2.46,2.56,0.11,4.49,"164,054","4,153",6.12,1.01
2018-09-06,津滨发展,1000897,2.45,2.51,2.42,2.45,-0.05,-2.00,"82,552","2,037",3.60,0.51
2018-09-05,津滨发展,1000897,2.54,2.54,2.49,2.50,-0.04,-1.57,"74,464","1,868",1.97,0.46
2018-09-04,津滨发展,1000897,2.54,2.55,2.50,2.54,0.03,1.20,"82,190","2,075",1.99,0.51
2018-09-03,津滨发展,1000897,2.55,2.55,2.47,2.51,-0.04,-1.57,"103,792","2,590",3.14,0.64
2018-08-31,津滨发展,1000897,2.61,2.62,2.49,2.55,-0.07,-2.67,"180,670","4,595",4.96,1.12
2018-08-30,津滨发展,1000897,2.61,2.71,2.59,2.62,0.01,0.38,"240,266","6,387",4.60,1.49
2018-08-29,津滨发展,1000897,2.64,2.65,2.57,2.61,-0.02,-0.76,"121,369","3,152",3.04,0.75
2018-08-28,津滨发展,1000897,2.67,2.71,2.62,2.63,-0.06,-2.23,"194,736","5,175",3.35,1.20
2018-08-27,津滨发展,1000897,2.56,2.73,2.56,2.69,0.13,5.08,"350,668","9,311",6.64,2.17
2018-08-24,津滨发展,1000897,2.63,2.63,2.55,2.56,-0.09,-3.40,"221,914","5,738",3.02,1.37
2018-08-23,津滨发展,1000897,2.64,2.67,2.62,2.65,0.02,0.76,"207,744","5,499",1.90,1.28
2018-08-22,津滨发展,1000897,2.67,2.71,2.61,2.63,-0.10,-3.66,"338,109","8,971",3.66,2.09
2018-08-21,津滨发展,1000897,2.76,2.87,2.66,2.73,-0.03,-1.09,"511,168","14,185",7.61,3.16
2018-08-20,津滨发展,1000897,2.83,2.88,2.67,2.76,-0.20,-6.76,"698,298","19,408",7.09,4.32
2018-08-17,津滨发展,1000897,2.88,2.98,2.59,2.96,0.25,9.23,"1,109,073","31,418",14.39,6.86
2018-08-16,津滨发展,1000897,2.54,2.71,2.51,2.71,0.25,10.16,"361,476","9,588",8.13,2.24
2018-08-15,津滨发展,1000897,2.43,2.52,2.42,2.46,0.04,1.65,"184,481","4,557",4.13,1.14
2018-08-14,津滨发展,1000897,2.43,2.43,2.39,2.42,-0.02,-0.82,"85,547","2,060",1.64,0.53
2018-08-13,津滨发展,1000897,2.40,2.45,2.37,2.44,-0.01,-0.41,"101,381","2,440",3.27,0.63
2018-08-10,津滨发展,1000897,2.42,2.51,2.40,2.45,0.05,2.08,"160,710","3,960",4.58,0.99
2018-08-09,津滨发展,1000897,2.37,2.43,2.36,2.40,0.01,0.42,"106,025","2,550",2.93,0.66
2018-08-08,津滨发展,1000897,2.45,2.46,2.36,2.39,-0.07,-2.85,"151,114","3,619",4.07,0.93
2018-08-07,津滨发展,1000897,2.43,2.46,2.36,2.46,0.03,1.23,"168,049","4,069",4.12,1.04
2018-08-06,津滨发展,1000897,2.49,2.49,2.35,2.43,-0.08,-3.19,"193,287","4,662",5.58,1.20
2018-08-03,津滨发展,1000897,2.64,2.69,2.47,2.51,-0.09,-3.46,"259,201","6,656",8.46,1.60
2018-08-02,津滨发展,1000897,2.51,2.75,2.43,2.60,0.04,1.56,"426,634","11,028",12.50,2.64
2018-08-01,津滨发展,1000897,2.44,2.64,2.42,2.56,0.03,1.19,"410,848","10,410",8.70,2.54
2018-07-31,津滨发展,1000897,2.44,2.67,2.40,2.53,0.10,4.12,"428,188","10,910",11.11,2.65
2018-07-30,津滨发展,1000897,2.55,2.60,2.39,2.43,-0.23,-8.65,"569,531","13,960",7.89,3.52
2018-07-27,津滨发展,1000897,2.81,2.83,2.65,2.66,0.09,3.50,"829,546","23,079",7.00,5.13
2018-07-26,津滨发展,1000897,2.34,2.57,2.33,2.57,0.23,9.83,"259,586","6,590",10.26,1.61
2018-07-25,津滨发展,1000897,2.33,2.35,2.31,2.34,0.01,0.43,"59,424","1,385",1.72,0.37
2018-07-24,津滨发展,1000897,2.29,2.34,2.27,2.33,0.05,2.19,"90,615","2,101",3.07,0.56
2018-07-23,津滨发展,1000897,2.26,2.29,2.24,2.28,0.03,1.33,"49,538","1,127",2.22,0.31
2018-07-20,津滨发展,1000897,2.24,2.27,2.22,2.25,0.02,0.90,"37,331",840,2.24,0.23
2018-07-19,津滨发展,1000897,2.28,2.29,2.23,2.23,-0.03,-1.33,"50,761","1,144",2.65,0.31
2018-07-18,津滨发展,1000897,2.24,2.33,2.24,2.26,0.02,0.89,"90,124","2,058",4.02,0.56
2018-07-17,津滨发展,1000897,2.23,2.26,2.22,2.24,0.01,0.45,"29,885",670,1.79,0.18
2018-07-16,津滨发展,1000897,2.25,2.25,2.22,2.23,-0.02,-0.89,"33,572",749,1.33,0.21
2018-07-13,津滨发展,1000897,2.27,2.29,2.24,2.25,-0.02,-0.88,"37,776",852,2.20,0.23
2018-07-12,津滨发展,1000897,2.23,2.28,2.21,2.27,0.04,1.79,"76,204","1,719",3.14,0.47
2018-07-11,津滨发展,1000897,2.20,2.38,2.16,2.23,0.02,0.91,"99,008","2,218",9.95,0.61
2018-07-10,津滨发展,1000897,2.20,2.22,2.20,2.21,0.00,0.00,"30,132",665,0.91,0.19
2018-07-09,津滨发展,1000897,2.19,2.21,2.18,2.21,0.03,1.38,"25,372",558,1.38,0.16
2018-07-06,津滨发展,1000897,2.18,2.20,2.12,2.18,0.00,0.00,"45,980",998,3.67,0.28
2018-07-05,津滨发展,1000897,2.22,2.24,2.18,2.18,-0.04,-1.80,"40,626",896,2.70,0.25
2018-07-04,津滨发展,1000897,2.25,2.26,2.21,2.22,-0.03,-1.33,"29,135",650,2.22,0.18
2018-07-03,津滨发展,1000897,2.22,2.25,2.21,2.25,0.03,1.35,"42,558",950,1.80,0.26
2018-07-02,津滨发展,1000897,2.26,2.26,2.20,2.22,-0.04,-1.77,"51,757","1,153",2.65,0.32
2018-06-29,津滨发展,1000897,2.20,2.26,2.20,2.26,0.05,2.26,"51,862","1,165",2.71,0.32
2018-06-28,津滨发展,1000897,2.24,2.25,2.20,2.21,-0.02,-0.90,"45,105","1,006",2.24,0.28
2018-06-27,津滨发展,1000897,2.23,2.26,2.21,2.23,0.00,0.00,"54,195","1,212",2.24,0.34
2018-06-26,津滨发展,1000897,2.19,2.25,2.16,2.23,0.02,0.91,"51,533","1,142",4.07,0.32
2018-06-25,津滨发展,1000897,2.25,2.27,2.20,2.21,-0.02,-0.90,"43,638",973,3.14,0.27
2018-06-22,津滨发展,1000897,2.19,2.25,2.17,2.23,0.03,1.36,"62,702","1,388",3.64,0.39
2018-06-21,津滨发展,1000897,2.22,2.28,2.19,2.20,-0.02,-0.90,"74,693","1,672",4.05,0.46
2018-06-20,津滨发展,1000897,2.20,2.24,2.16,2.22,0.02,0.91,"67,278","1,493",3.64,0.42
2018-06-19,津滨发展,1000897,2.40,2.40,2.19,2.20,-0.23,-9.47,"142,008","3,217",8.64,0.88
2018-06-15,津滨发展,1000897,2.44,2.48,2.41,2.43,-0.02,-0.82,"58,726","1,433",2.86,0.36
2018-06-14,津滨发展,1000897,2.43,2.46,2.42,2.45,0.03,1.24,"48,811","1,191",1.65,0.30
2018-06-13,津滨发展,1000897,2.49,2.50,2.41,2.42,-0.08,-3.20,"55,510","1,364",3.60,0.34
2018-06-12,津滨发展,1000897,2.49,2.50,2.46,2.50,0.01,0.40,"52,376","1,303",1.61,0.32
2018-06-11,津滨发展,1000897,2.51,2.52,2.48,2.49,-0.04,-1.58,"50,631","1,264",1.58,0.31
2018-06-08,津滨发展,1000897,2.58,2.58,2.47,2.53,-0.05,-1.94,"122,845","3,086",4.26,0.76
2018-06-07,津滨发展,1000897,2.68,2.69,2.58,2.58,-0.09,-3.37,"119,224","3,136",4.12,0.74
2018-06-06,津滨发展,1000897,2.71,2.71,2.66,2.67,-0.03,-1.11,"51,475","1,377",1.85,0.32
2018-06-05,津滨发展,1000897,2.70,2.71,2.67,2.70,0.01,0.37,"43,689","1,176",1.49,0.27
2018-06-04,津滨发展,1000897,2.70,2.73,2.67,2.69,-0.01,-0.37,"55,341","1,491",2.22,0.34
2018-06-01,津滨发展,1000897,2.74,2.75,2.68,2.70,-0.05,-1.82,"62,744","1,705",2.55,0.39
2018-05-31,津滨发展,1000897,2.77,2.79,2.73,2.75,0.00,0.00,"65,144","1,795",2.18,0.40
2018-05-30,津滨发展,1000897,2.83,2.83,2.74,2.75,-0.13,-4.51,"96,021","2,674",3.13,0.59
2018-05-29,津滨发展,1000897,2.93,2.95,2.86,2.88,-0.04,-1.37,"63,507","1,843",3.08,0.39
2018-05-28,津滨发展,1000897,2.97,2.97,2.92,2.92,-0.05,-1.68,"57,688","1,697",1.68,0.36
2018-05-25,津滨发展,1000897,2.93,2.97,2.92,2.97,0.03,1.02,"77,016","2,272",1.70,0.48
2018-05-24,津滨发展,1000897,2.93,2.96,2.92,2.94,0.01,0.34,"54,758","1,614",1.37,0.34
2018-05-23,津滨发展,1000897,2.93,2.96,2.91,2.93,0.00,0.00,"58,633","1,720",1.71,0.36
2018-05-22,津滨发展,1000897,2.92,2.94,2.90,2.93,0.01,0.34,"51,322","1,499",1.37,0.32
2018-05-21,津滨发展,1000897,2.91,2.94,2.91,2.92,0.03,1.04,"50,683","1,483",1.04,0.31
2018-05-18,津滨发展,1000897,2.88,2.90,2.87,2.89,-0.01,-0.34,"61,957","1,788",1.03,0.38
2018-05-17,津滨发展,1000897,2.86,2.96,2.72,2.90,0.03,1.05,"111,283","3,178",8.36,0.69
2018-05-16,津滨发展,1000897,2.95,2.95,2.85,2.87,-0.08,-2.71,"110,408","3,207",3.39,0.68
2018-05-15,津滨发展,1000897,2.94,2.96,2.92,2.95,0.02,0.68,"40,084","1,179",1.37,0.25
2018-05-14,津滨发展,1000897,2.96,2.98,2.92,2.93,-0.05,-1.68,"39,471","1,164",2.01,0.24
2018-05-11,津滨发展,1000897,3.01,3.02,2.97,2.98,-0.03,-1.00,"37,509","1,119",1.66,0.23
2018-05-10,津滨发展,1000897,2.97,3.01,2.97,3.01,0.03,1.01,"52,290","1,569",1.34,0.32
2018-05-09,津滨发展,1000897,3.00,3.00,2.96,2.98,-0.01,-0.33,"40,160","1,197",1.34,0.25
2018-05-08,津滨发展,1000897,2.97,3.00,2.96,2.99,0.02,0.67,"54,275","1,621",1.35,0.34
2018-05-07,津滨发展,1000897,2.94,2.98,2.93,2.97,0.03,1.02,"45,830","1,358",1.70,0.28
2018-05-04,津滨发展,1000897,2.94,2.95,2.92,2.94,0.00,0.00,"29,100",855,1.02,0.18
2018-05-03,津滨发展,1000897,2.93,2.96,2.90,2.94,0.00,0.00,"49,712","1,455",2.04,0.31
2018-05-02,津滨发展,1000897,2.92,2.95,2.91,2.94,0.02,0.68,"39,295","1,152",1.37,0.24
2018-04-27,津滨发展,1000897,2.91,2.93,2.90,2.92,0.02,0.69,"71,040","2,068",1.03,0.44
2018-04-26,津滨发展,1000897,2.95,2.97,2.90,2.90,-0.06,-2.03,"62,966","1,840",2.36,0.39
2018-04-25,津滨发展,1000897,2.98,2.98,2.93,2.96,-0.02,-0.67,"66,079","1,950",1.68,0.41
2018-04-24,津滨发展,1000897,2.95,3.01,2.94,2.98,0.03,1.02,"81,317","2,427",2.37,0.50
2018-04-23,津滨发展,1000897,2.95,3.00,2.94,2.95,0.02,0.68,"48,057","1,424",2.05,0.30
2018-04-20,津滨发展,1000897,3.00,3.00,2.93,2.93,-0.07,-2.33,"65,548","1,939",2.33,0.41
2018-04-19,津滨发展,1000897,3.00,3.02,2.98,3.00,0.00,0.00,"36,135","1,087",1.33,0.22
2018-04-18,津滨发展,1000897,3.00,3.02,2.94,3.00,0.02,0.67,"56,253","1,675",2.68,0.35
2018-04-17,津滨发展,1000897,3.02,3.04,2.98,2.98,-0.03,-1.00,"68,401","2,053",1.99,0.42
2018-04-16,津滨发展,1000897,3.06,3.08,3.01,3.01,-0.05,-1.63,"71,024","2,160",2.29,0.44
2018-04-13,津滨发展,1000897,3.08,3.10,3.05,3.06,-0.02,-0.65,"41,799","1,283",1.62,0.26
2018-04-12,津滨发展,1000897,3.10,3.11,3.07,3.08,-0.04,-1.28,"53,487","1,654",1.28,0.33
2018-04-11,津滨发展,1000897,3.11,3.14,3.10,3.12,0.01,0.32,"49,916","1,560",1.29,0.31
2018-04-10,津滨发展,1000897,3.10,3.12,3.08,3.11,0.01,0.32,"53,651","1,661",1.29,0.33
2018-04-09,津滨发展,1000897,3.10,3.13,3.05,3.10,-0.01,-0.32,"65,585","2,027",2.57,0.41
2018-04-04,津滨发展,1000897,3.14,3.16,3.10,3.11,-0.03,-0.96,"49,727","1,558",1.91,0.31
2018-04-03,津滨发展,1000897,3.17,3.18,3.11,3.14,-0.07,-2.18,"68,735","2,159",2.18,0.43
2018-04-02,津滨发展,1000897,3.22,3.26,3.19,3.21,0.02,0.63,"85,947","2,774",2.19,0.53
2018-12-28,津滨发展,1000897,2.34,2.36,2.31,2.33,0.03,1.30,"41,563",968,2.17,0.26
2018-12-27,津滨发展,1000897,2.41,2.45,2.28,2.30,-0.09,-3.77,"52,573","1,251",7.11,0.33
2018-12-26,津滨发展,1000897,2.38,2.42,2.38,2.39,-0.01,-0.42,"39,678",951,1.67,0.25
2018-12-25,津滨发展,1000897,2.46,2.46,2.34,2.40,-0.08,-3.23,"89,042","2,117",4.84,0.55
2018-12-24,津滨发展,1000897,2.48,2.49,2.45,2.48,-0.03,-1.20,"54,254","1,339",1.59,0.34
2018-12-21,津滨发展,1000897,2.48,2.58,2.48,2.51,0.00,0.00,"79,008","1,999",3.98,0.49
2018-12-20,津滨发展,1000897,2.49,2.52,2.46,2.51,0.02,0.80,"58,003","1,447",2.41,0.36
2018-12-19,津滨发展,1000897,2.49,2.55,2.49,2.49,-0.02,-0.80,"62,115","1,564",2.39,0.38
2018-12-18,津滨发展,1000897,2.48,2.52,2.46,2.51,0.02,0.80,"64,534","1,609",2.41,0.40
2018-12-17,津滨发展,1000897,2.47,2.50,2.44,2.49,0.02,0.81,"56,966","1,408",2.43,0.35
2018-12-14,津滨发展,1000897,2.54,2.55,2.46,2.47,-0.09,-3.52,"72,276","1,809",3.52,0.45
2018-12-13,津滨发展,1000897,2.52,2.57,2.52,2.56,0.03,1.19,"72,649","1,852",1.98,0.45
2018-12-12,津滨发展,1000897,2.54,2.56,2.52,2.53,0.02,0.80,"51,939","1,318",1.59,0.32
2018-12-11,津滨发展,1000897,2.53,2.54,2.50,2.51,0.00,0.00,"58,148","1,464",1.59,0.36
2018-12-10,津滨发展,1000897,2.58,2.59,2.50,2.51,-0.08,-3.09,"114,437","2,890",3.47,0.71
2018-12-07,津滨发展,1000897,2.59,2.61,2.57,2.59,0.01,0.39,"79,189","2,052",1.55,0.49
2018-12-06,津滨发展,1000897,2.59,2.64,2.57,2.58,-0.02,-0.77,"116,175","3,031",2.69,0.72
2018-12-05,津滨发展,1000897,2.58,2.64,2.55,2.60,-0.04,-1.52,"135,966","3,555",3.41,0.84
2018-12-04,津滨发展,1000897,2.61,2.64,2.58,2.64,0.01,0.38,"132,876","3,470",2.28,0.82
2018-12-03,津滨发展,1000897,2.64,2.66,2.58,2.63,0.07,2.73,"188,348","4,934",3.13,1.16
2018-11-30,津滨发展,1000897,2.63,2.64,2.52,2.56,-0.06,-2.29,"196,632","5,058",4.58,1.22
2018-11-29,津滨发展,1000897,2.72,2.84,2.62,2.62,-0.14,-5.07,"290,777","7,934",7.97,1.80
2018-11-28,津滨发展,1000897,2.74,2.82,2.71,2.76,-0.10,-3.50,"372,551","10,251",3.85,2.30
2018-11-27,津滨发展,1000897,2.74,3.02,2.70,2.86,0.10,3.62,"642,351","18,340",11.59,3.97
2018-11-26,津滨发展,1000897,2.70,2.80,2.55,2.76,-0.01,-0.36,"588,917","15,652",9.03,3.64
2018-11-23,津滨发展,1000897,2.60,2.86,2.60,2.77,0.17,6.54,"821,438","22,956",10.00,5.08
2018-11-22,津滨发展,1000897,2.65,2.67,2.60,2.60,-0.08,-2.99,"112,831","2,969",2.61,0.70
2018-11-21,津滨发展,1000897,2.56,2.69,2.52,2.68,0.07,2.68,"228,304","5,945",6.51,1.41
2018-11-20,津滨发展,1000897,2.74,2.85,2.57,2.61,-0.14,-5.09,"360,331","9,805",10.18,2.23
2018-11-19,津滨发展,1000897,2.61,2.81,2.60,2.75,0.16,6.18,"359,419","9,710",8.11,2.22
2018-11-16,津滨发展,1000897,2.57,2.70,2.53,2.59,0.00,0.00,"243,317","6,315",6.56,1.50
2018-11-15,津滨发展,1000897,2.54,2.72,2.52,2.59,0.02,0.78,"266,548","6,971",7.78,1.65
2018-11-14,津滨发展,1000897,2.48,2.62,2.44,2.57,0.07,2.80,"329,323","8,368",7.20,2.04
2018-11-13,津滨发展,1000897,2.37,2.52,2.37,2.50,0.09,3.73,"335,180","8,306",6.22,2.07
2018-11-12,津滨发展,1000897,2.33,2.41,2.32,2.41,0.05,2.12,"162,834","3,875",3.81,1.01
2018-11-09,津滨发展,1000897,2.34,2.38,2.31,2.36,0.00,0.00,"131,331","3,084",2.97,0.81
2018-11-08,津滨发展,1000897,2.34,2.43,2.32,2.36,0.03,1.29,"157,042","3,729",4.72,0.97
2018-11-07,津滨发展,1000897,2.34,2.38,2.31,2.33,0.00,0.00,"93,740","2,196",3.00,0.58
2018-11-06,津滨发展,1000897,2.35,2.38,2.30,2.33,-0.03,-1.27,"90,584","2,110",3.39,0.56
2018-11-05,津滨发展,1000897,2.33,2.42,2.31,2.36,0.03,1.29,"156,172","3,684",4.72,0.97
2018-11-02,津滨发展,1000897,2.30,2.33,2.30,2.33,0.04,1.75,"80,923","1,872",1.31,0.50
2018-11-01,津滨发展,1000897,2.30,2.34,2.27,2.29,-0.02,-0.87,"103,371","2,384",3.03,0.64
2018-10-31,津滨发展,1000897,2.28,2.35,2.26,2.31,0.03,1.32,"90,265","2,088",3.95,0.56
2018-10-30,津滨发展,1000897,2.20,2.30,2.20,2.28,0.01,0.44,"67,200","1,518",4.41,0.42
2018-10-29,津滨发展,1000897,2.36,2.36,2.25,2.27,-0.10,-4.22,"120,853","2,765",4.64,0.75
2018-10-26,津滨发展,1000897,2.29,2.44,2.27,2.37,0.08,3.49,"197,635","4,681",7.42,1.22
2018-10-25,津滨发展,1000897,2.21,2.32,2.21,2.29,0.02,0.88,"114,312","2,597",4.85,0.71
2018-10-24,津滨发展,1000897,2.19,2.38,2.19,2.27,0.06,2.71,"131,342","3,010",8.60,0.81
2018-10-23,津滨发展,1000897,2.27,2.27,2.19,2.21,-0.05,-2.21,"60,693","1,351",3.54,0.38
2018-10-22,津滨发展,1000897,2.15,2.30,2.15,2.26,0.12,5.61,"102,126","2,278",7.01,0.63
2018-10-19,津滨发展,1000897,2.10,2.15,2.06,2.14,0.03,1.42,"67,589","1,428",4.27,0.42
2018-10-18,津滨发展,1000897,2.18,2.18,2.10,2.11,-0.08,-3.65,"48,759","1,043",3.65,0.30
2018-10-17,津滨发展,1000897,2.19,2.24,2.17,2.19,0.02,0.92,"44,742",983,3.23,0.28
2018-10-16,津滨发展,1000897,2.19,2.24,2.16,2.17,-0.03,-1.36,"52,602","1,156",3.64,0.33
2018-10-15,津滨发展,1000897,2.27,2.29,2.18,2.20,-0.07,-3.08,"53,121","1,194",4.85,0.33
2018-10-12,津滨发展,1000897,2.25,2.28,2.13,2.27,0.00,0.00,"87,407","1,937",6.61,0.54
2018-10-11,津滨发展,1000897,2.43,2.46,2.25,2.27,-0.23,-9.20,"157,350","3,648",8.40,0.97
2018-10-10,津滨发展,1000897,2.48,2.51,2.48,2.50,0.02,0.81,"30,348",758,1.21,0.19
2018-10-09,津滨发展,1000897,2.47,2.51,2.47,2.48,0.01,0.40,"38,035",947,1.62,0.24
2018-10-08,津滨发展,1000897,2.51,2.51,2.47,2.47,-0.07,-2.76,"85,364","2,127",1.57,0.53
2019-09-30,津滨发展,1000897,2.20,2.27,2.19,2.24,0.03,1.36,"95,519","2,136",3.62,0.59
2019-09-27,津滨发展,1000897,2.17,2.21,2.16,2.21,0.03,1.38,"77,891","1,705",2.29,0.48
2019-09-26,津滨发展,1000897,2.22,2.23,2.15,2.18,-0.04,-1.80,"102,796","2,245",3.60,0.64
2019-09-25,津滨发展,1000897,2.19,2.28,2.17,2.22,0.03,1.37,"171,221","3,818",5.02,1.06
2019-09-24,津滨发展,1000897,2.17,2.21,2.17,2.19,0.02,0.92,"85,014","1,867",1.84,0.53
2019-09-23,津滨发展,1000897,2.17,2.18,2.16,2.17,-0.01,-0.46,"54,879","1,190",0.92,0.34
2019-09-20,津滨发展,1000897,2.17,2.21,2.16,2.18,0.01,0.46,"106,597","2,332",2.30,0.66
2019-09-19,津滨发展,1000897,2.16,2.17,2.15,2.17,0.02,0.93,"60,204","1,301",0.93,0.37
2019-09-18,津滨发展,1000897,2.16,2.17,2.15,2.15,-0.01,-0.46,"33,962",733,0.93,0.21
2019-09-17,津滨发展,1000897,2.18,2.19,2.14,2.16,-0.03,-1.37,"58,027","1,255",2.28,0.36
2019-09-16,津滨发展,1000897,2.18,2.19,2.17,2.19,0.01,0.46,"64,108","1,396",0.92,0.40
2019-09-12,津滨发展,1000897,2.18,2.18,2.16,2.18,0.01,0.46,"46,444","1,009",0.92,0.29
2019-09-11,津滨发展,1000897,2.18,2.19,2.16,2.17,-0.01,-0.46,"58,369","1,267",1.38,0.36
2019-09-10,津滨发展,1000897,2.17,2.20,2.17,2.18,0.01,0.46,"87,247","1,904",1.38,0.54
2019-09-09,津滨发展,1000897,2.18,2.18,2.16,2.17,0.00,0.00,"70,578","1,530",0.92,0.44
2019-09-06,津滨发展,1000897,2.15,2.18,2.14,2.17,0.02,0.93,"81,988","1,772",1.86,0.51
2019-09-05,津滨发展,1000897,2.14,2.18,2.14,2.15,0.01,0.47,"105,642","2,278",1.87,0.65
2019-09-04,津滨发展,1000897,2.13,2.14,2.12,2.14,0.00,0.00,"73,379","1,563",0.93,0.45
2019-09-03,津滨发展,1000897,2.12,2.15,2.11,2.14,0.01,0.47,"71,015","1,513",1.88,0.44
2019-09-02,津滨发展,1000897,2.11,2.13,2.11,2.13,0.03,1.43,"54,364","1,152",0.95,0.34
2019-08-30,津滨发展,1000897,2.13,2.14,2.09,2.10,-0.03,-1.41,"64,189","1,357",2.35,0.40
2019-08-29,津滨发展,1000897,2.13,2.14,2.12,2.13,-0.01,-0.47,"38,474",820,0.93,0.24
2019-08-28,津滨发展,1000897,2.14,2.15,2.13,2.14,0.00,0.00,"63,791","1,364",0.93,0.39
2019-08-27,津滨发展,1000897,2.11,2.16,2.11,2.14,0.02,0.94,"69,183","1,480",2.36,0.43
2019-08-26,津滨发展,1000897,2.12,2.14,2.10,2.12,-0.04,-1.85,"78,897","1,670",1.85,0.49
2019-08-23,津滨发展,1000897,2.15,2.18,2.13,2.16,0.00,0.00,"73,651","1,592",2.31,0.46
2019-08-22,津滨发展,1000897,2.17,2.17,2.14,2.16,0.00,0.00,"55,249","1,190",1.39,0.34
2019-08-21,津滨发展,1000897,2.17,2.18,2.15,2.16,-0.02,-0.92,"68,734","1,487",1.38,0.43
2019-08-20,津滨发展,1000897,2.15,2.18,2.15,2.18,0.01,0.46,"78,823","1,710",1.38,0.49
2019-08-19,津滨发展,1000897,2.15,2.17,2.12,2.17,0.00,0.00,"143,826","3,084",2.30,0.89
2019-08-16,津滨发展,1000897,2.19,2.19,2.17,2.17,-0.11,-4.82,"132,586","2,881",0.88,0.82
2019-08-15,津滨发展,1000897,2.21,2.29,2.20,2.28,0.02,0.89,"69,362","1,560",3.98,0.43
2019-08-14,津滨发展,1000897,2.26,2.28,2.24,2.26,-0.01,-0.44,"41,550",936,1.76,0.26
2019-08-13,津滨发展,1000897,2.17,2.27,2.15,2.27,0.10,4.61,"110,814","2,465",5.53,0.69
2019-08-12,津滨发展,1000897,2.14,2.17,2.14,2.17,0.03,1.40,"32,576",702,1.40,0.20
2019-08-09,津滨发展,1000897,2.17,2.17,2.13,2.14,-0.02,-0.93,"39,630",853,1.85,0.25
2019-08-08,津滨发展,1000897,2.15,2.18,2.15,2.16,0.01,0.47,"47,783","1,033",1.40,0.30
2019-08-07,津滨发展,1000897,2.16,2.18,2.15,2.15,-0.01,-0.46,"44,243",957,1.39,0.27
2019-08-06,津滨发展,1000897,2.18,2.19,2.13,2.16,-0.08,-3.57,"87,556","1,884",2.68,0.54
2019-08-05,津滨发展,1000897,2.26,2.27,2.22,2.24,-0.04,-1.75,"60,508","1,364",2.19,0.37
2019-08-02,津滨发展,1000897,2.32,2.33,2.26,2.28,-0.08,-3.39,"78,016","1,782",2.97,0.48
2019-08-01,津滨发展,1000897,2.28,2.38,2.26,2.36,0.08,3.51,"144,359","3,354",5.26,0.89
2019-07-31,津滨发展,1000897,2.27,2.28,2.26,2.28,0.00,0.00,"38,534",874,0.88,0.24
2019-07-30,津滨发展,1000897,2.26,2.29,2.25,2.28,0.01,0.44,"30,980",705,1.76,0.19
2019-07-29,津滨发展,1000897,2.25,2.31,2.25,2.27,0.02,0.89,"41,104",937,2.67,0.25
2019-07-26,津滨发展,1000897,2.26,2.26,2.24,2.25,-0.02,-0.88,"41,242",929,0.88,0.26
2019-07-25,津滨发展,1000897,2.28,2.28,2.25,2.27,0.00,0.00,"34,187",773,1.32,0.21
2019-07-24,津滨发展,1000897,2.26,2.29,2.25,2.27,0.01,0.44,"53,796","1,224",1.77,0.33
2019-07-23,津滨发展,1000897,2.24,2.26,2.23,2.26,0.02,0.89,"22,586",508,1.34,0.14
2019-07-22,津滨发展,1000897,2.30,2.30,2.23,2.24,-0.06,-2.61,"53,084","1,194",3.04,0.33
2019-07-19,津滨发展,1000897,2.27,2.33,2.27,2.30,0.02,0.88,"49,896","1,147",2.63,0.31
2019-07-18,津滨发展,1000897,2.29,2.29,2.27,2.28,-0.02,-0.87,"40,040",913,0.87,0.25
2019-07-17,津滨发展,1000897,2.25,2.35,2.25,2.30,0.05,2.22,"92,001","2,125",4.44,0.57
2019-07-16,津滨发展,1000897,2.25,2.26,2.24,2.25,-0.01,-0.44,"41,388",931,0.89,0.26
2019-07-15,津滨发展,1000897,2.24,2.27,2.21,2.26,0.01,0.44,"73,236","1,639",2.67,0.45
2019-07-12,津滨发展,1000897,2.27,2.28,2.24,2.25,-0.02,-0.88,"58,409","1,316",1.76,0.36
2019-07-11,津滨发展,1000897,2.28,2.31,2.26,2.27,-0.02,-0.87,"63,198","1,447",2.18,0.39
2019-07-10,津滨发展,1000897,2.31,2.32,2.28,2.29,-0.02,-0.87,"52,011","1,193",1.73,0.32
2019-07-09,津滨发展,1000897,2.31,2.34,2.30,2.31,0.00,0.00,"52,899","1,227",1.73,0.33
2019-07-08,津滨发展,1000897,2.42,2.42,2.31,2.31,-0.12,-4.94,"166,044","3,879",4.53,1.03
2019-07-05,津滨发展,1000897,2.42,2.43,2.41,2.43,0.00,0.00,"37,847",916,0.82,0.23
2019-07-04,津滨发展,1000897,2.42,2.45,2.41,2.43,0.01,0.41,"66,199","1,608",1.65,0.41
2019-07-03,津滨发展,1000897,2.44,2.45,2.41,2.42,-0.04,-1.63,"79,290","1,923",1.63,0.49
2019-07-02,津滨发展,1000897,2.45,2.48,2.41,2.46,0.02,0.82,"144,677","3,540",2.87,0.89
2019-07-01,津滨发展,1000897,2.44,2.46,2.42,2.44,0.02,0.83,"88,043","2,151",1.65,0.54
2019-03-29,津滨发展,1000897,2.41,2.52,2.40,2.52,0.12,5.00,"499,612","12,361",5.00,3.09
2019-03-28,津滨发展,1000897,2.47,2.48,2.37,2.40,-0.08,-3.23,"420,345","10,159",4.44,2.60
2019-03-27,津滨发展,1000897,2.54,2.56,2.47,2.48,-0.12,-4.62,"668,009","16,633",3.46,4.13
2019-03-26,津滨发展,1000897,2.55,2.68,2.55,2.60,0.05,1.96,"982,418","25,565",5.10,6.07
2019-03-25,津滨发展,1000897,2.55,2.55,2.55,2.55,-0.13,-4.85,"79,183","2,019",0.00,0.49
2019-03-22,津滨发展,1000897,2.68,2.68,2.68,2.68,-0.14,-4.96,"35,793",959,0.00,0.22
2019-03-21,津滨发展,1000897,2.82,2.82,2.82,2.82,-0.15,-5.05,"60,192","1,697",0.00,0.37
2019-03-19,津滨发展,1000897,3.00,3.04,2.94,2.97,-0.03,-1.00,"325,299","9,715",3.33,2.01
2019-03-18,津滨发展,1000897,2.99,3.01,2.91,3.00,0.02,0.67,"307,421","9,137",3.36,1.90
2019-03-15,津滨发展,1000897,2.92,3.07,2.92,2.98,0.06,2.05,"344,805","10,302",5.14,2.13
2019-03-14,津滨发展,1000897,3.09,3.12,2.85,2.92,-0.20,-6.41,"492,262","14,600",8.65,3.04
2019-03-13,津滨发展,1000897,3.12,3.25,3.03,3.12,0.00,0.00,"651,279","20,530",7.05,4.03
2019-03-12,津滨发展,1000897,3.12,3.20,3.05,3.12,-0.02,-0.64,"580,607","18,151",4.78,3.59
2019-03-11,津滨发展,1000897,2.98,3.17,2.98,3.14,0.08,2.61,"539,167","16,659",6.21,3.33
2019-03-08,津滨发展,1000897,3.20,3.35,3.06,3.06,-0.34,-10.00,"870,176","27,768",8.53,5.38
2019-03-07,津滨发展,1000897,3.22,3.61,3.20,3.40,0.07,2.10,"1,471,505","48,579",12.31,9.10
2019-03-06,津滨发展,1000897,3.28,3.33,3.11,3.33,0.30,9.90,"1,775,596","57,806",7.26,10.98
2019-03-05,津滨发展,1000897,2.76,3.03,2.73,3.03,0.28,10.18,"759,347","22,061",10.91,4.70
2019-03-04,津滨发展,1000897,2.70,2.83,2.69,2.75,0.04,1.48,"459,227","12,696",5.17,2.84
2019-03-01,津滨发展,1000897,2.73,2.75,2.65,2.71,-0.04,-1.45,"240,748","6,462",3.64,1.49
2019-02-28,津滨发展,1000897,2.80,2.81,2.71,2.75,-0.04,-1.43,"323,416","8,883",3.58,2.00
2019-02-27,津滨发展,1000897,2.65,2.90,2.65,2.79,0.12,4.49,"665,091","18,499",9.36,4.11
2019-02-26,津滨发展,1000897,2.69,2.79,2.62,2.67,-0.02,-0.74,"462,298","12,424",6.32,2.86
2019-02-25,津滨发展,1000897,2.54,2.75,2.54,2.69,0.15,5.91,"413,716","10,875",8.27,2.56
2019-02-22,津滨发展,1000897,2.47,2.55,2.46,2.54,0.06,2.42,"203,384","5,113",3.63,1.26
2019-02-21,津滨发展,1000897,2.51,2.53,2.47,2.48,-0.03,-1.20,"132,680","3,315",2.39,0.82
2019-02-20,津滨发展,1000897,2.52,2.53,2.49,2.51,-0.01,-0.40,"116,486","2,917",1.59,0.72
2019-02-19,津滨发展,1000897,2.51,2.55,2.47,2.52,0.01,0.40,"162,539","4,084",3.19,1.01
2019-02-18,津滨发展,1000897,2.45,2.52,2.44,2.51,0.05,2.03,"172,884","4,293",3.25,1.07
2019-02-15,津滨发展,1000897,2.38,2.58,2.37,2.46,0.07,2.93,"221,245","5,435",8.79,1.37
2019-02-14,津滨发展,1000897,2.38,2.41,2.37,2.39,-0.01,-0.42,"86,157","2,059",1.67,0.53
2019-02-13,津滨发展,1000897,2.39,2.41,2.35,2.40,0.02,0.84,"109,261","2,605",2.52,0.68
2019-02-12,津滨发展,1000897,2.37,2.39,2.34,2.38,0.05,2.15,"92,275","2,179",2.15,0.57
2019-02-11,津滨发展,1000897,2.30,2.34,2.29,2.33,0.05,2.19,"67,979","1,580",2.19,0.42
2019-02-01,津滨发展,1000897,2.22,2.28,2.22,2.28,0.06,2.70,"73,238","1,652",2.70,0.45
2019-01-31,津滨发展,1000897,2.30,2.31,2.20,2.22,-0.15,-6.33,"191,519","4,287",4.64,1.18
2019-01-30,津滨发展,1000897,2.39,2.42,2.37,2.37,-0.01,-0.42,"55,506","1,329",2.10,0.34
2019-01-29,津滨发展,1000897,2.46,2.47,2.33,2.38,-0.09,-3.64,"110,472","2,640",5.67,0.68
2019-01-28,津滨发展,1000897,2.51,2.56,2.46,2.47,-0.04,-1.59,"104,920","2,634",3.98,0.65
2019-01-25,津滨发展,1000897,2.55,2.58,2.51,2.51,-0.03,-1.18,"105,517","2,691",2.76,0.65
2019-01-24,津滨发展,1000897,2.52,2.57,2.51,2.54,0.00,0.00,"108,504","2,764",2.36,0.67
2019-01-23,津滨发展,1000897,2.51,2.54,2.50,2.54,0.03,1.20,"80,467","2,034",1.59,0.50
2019-01-22,津滨发展,1000897,2.56,2.58,2.51,2.51,-0.05,-1.95,"134,443","3,412",2.73,0.83
2019-01-21,津滨发展,1000897,2.60,2.61,2.55,2.56,-0.11,-4.12,"257,106","6,621",2.25,1.59
2019-01-18,津滨发展,1000897,2.64,2.73,2.50,2.67,0.02,0.75,"441,807","11,546",8.68,2.73
2019-01-17,津滨发展,1000897,2.67,2.80,2.64,2.65,-0.12,-4.33,"590,488","15,953",5.78,3.65
2019-01-16,津滨发展,1000897,2.52,2.77,2.52,2.77,0.25,9.92,"687,084","18,672",9.92,4.25
2019-01-15,津滨发展,1000897,2.44,2.53,2.44,2.52,0.05,2.02,"95,344","2,379",3.64,0.59
2019-01-14,津滨发展,1000897,2.54,2.56,2.46,2.47,-0.06,-2.37,"109,586","2,732",3.95,0.68
2019-01-11,津滨发展,1000897,2.42,2.53,2.40,2.53,0.11,4.55,"118,679","2,920",5.37,0.73
2019-01-10,津滨发展,1000897,2.46,2.46,2.40,2.42,-0.04,-1.63,"79,380","1,926",2.44,0.49
2019-01-09,津滨发展,1000897,2.44,2.52,2.43,2.46,0.02,0.82,"117,461","2,893",3.69,0.73
2019-01-08,津滨发展,1000897,2.42,2.45,2.40,2.44,0.01,0.41,"72,677","1,763",2.06,0.45
2019-01-07,津滨发展,1000897,2.39,2.44,2.37,2.43,0.06,2.53,"67,275","1,623",2.95,0.42
2019-01-04,津滨发展,1000897,2.31,2.38,2.29,2.37,0.05,2.16,"69,159","1,625",3.88,0.43
2019-01-03,津滨发展,1000897,2.35,2.35,2.31,2.32,-0.02,-0.85,"35,473",826,1.71,0.22
2019-01-02,津滨发展,1000897,2.33,2.37,2.33,2.34,0.01,0.43,"34,804",816,1.72,0.22
2019-06-28,津滨发展,1000897,2.40,2.43,2.38,2.42,-0.03,-1.22,"99,573","2,398",2.04,0.62
2019-06-27,津滨发展,1000897,2.46,2.48,2.45,2.45,-0.02,-0.81,"50,910","1,253",1.21,0.31
2019-06-26,津滨发展,1000897,2.43,2.48,2.42,2.47,0.03,1.23,"73,047","1,792",2.46,0.45
2019-06-25,津滨发展,1000897,2.45,2.47,2.40,2.44,-0.02,-0.81,"111,448","2,711",2.85,0.69
2019-06-24,津滨发展,1000897,2.52,2.53,2.45,2.46,-0.07,-2.77,"149,358","3,698",3.16,0.92
2019-06-21,津滨发展,1000897,2.49,2.56,2.46,2.53,0.09,3.69,"287,409","7,273",4.10,1.78
2019-06-20,津滨发展,1000897,2.42,2.46,2.41,2.44,0.01,0.41,"100,747","2,452",2.06,0.62
2019-06-19,津滨发展,1000897,2.48,2.49,2.42,2.43,-0.01,-0.41,"81,545","1,995",2.87,0.50
2019-06-18,津滨发展,1000897,2.44,2.46,2.43,2.44,0.00,0.00,"37,542",916,1.23,0.23
2019-06-17,津滨发展,1000897,2.45,2.47,2.43,2.44,-0.02,-0.81,"43,628","1,068",1.63,0.27
2019-06-14,津滨发展,1000897,2.50,2.52,2.45,2.46,-0.05,-1.99,"73,263","1,821",2.79,0.45
2019-06-13,津滨发展,1000897,2.47,2.53,2.46,2.51,0.02,0.80,"81,228","2,028",2.81,0.50
2019-06-12,津滨发展,1000897,2.50,2.53,2.48,2.49,-0.03,-1.19,"85,121","2,127",1.98,0.53
2019-06-11,津滨发展,1000897,2.44,2.52,2.43,2.52,0.07,2.86,"88,964","2,211",3.67,0.55
2019-06-10,津滨发展,1000897,2.43,2.46,2.43,2.45,0.02,0.82,"38,101",931,1.23,0.24
2019-06-06,津滨发展,1000897,2.45,2.46,2.41,2.43,-0.03,-1.22,"54,110","1,316",2.03,0.33
2019-06-05,津滨发展,1000897,2.46,2.48,2.44,2.46,0.01,0.41,"37,591",921,1.63,0.23
2019-06-04,津滨发展,1000897,2.49,2.49,2.41,2.45,-0.04,-1.61,"76,638","1,871",3.21,0.47
2019-06-03,津滨发展,1000897,2.53,2.54,2.47,2.49,-0.03,-1.19,"71,684","1,794",2.78,0.44
2019-05-31,津滨发展,1000897,2.55,2.57,2.51,2.52,-0.03,-1.18,"66,626","1,687",2.35,0.41
2019-05-30,津滨发展,1000897,2.52,2.57,2.50,2.55,0.02,0.79,"84,872","2,156",2.77,0.52
2019-05-29,津滨发展,1000897,2.51,2.57,2.50,2.53,0.02,0.80,"86,067","2,185",2.79,0.53
2019-05-28,津滨发展,1000897,2.59,2.62,2.51,2.51,-0.08,-3.09,"158,665","4,079",4.25,0.98
2019-05-27,津滨发展,1000897,2.48,2.59,2.47,2.59,0.10,4.02,"162,641","4,145",4.82,1.01
2019-05-24,津滨发展,1000897,2.40,2.54,2.39,2.49,0.06,2.47,"152,779","3,790",6.17,0.94
2019-05-23,津滨发展,1000897,2.39,2.51,2.35,2.43,0.04,1.67,"136,873","3,330",6.69,0.85
2019-05-22,津滨发展,1000897,2.41,2.43,2.38,2.39,-0.03,-1.24,"83,499","2,004",2.07,0.52
2019-05-21,津滨发展,1000897,2.37,2.43,2.34,2.42,0.04,1.68,"94,261","2,261",3.78,0.58
2019-05-20,津滨发展,1000897,2.43,2.46,2.34,2.38,-0.08,-3.25,"157,043","3,715",4.88,0.97
2019-05-17,津滨发展,1000897,2.55,2.57,2.46,2.46,-0.11,-4.28,"123,190","3,088",4.28,0.76
2019-05-16,津滨发展,1000897,2.47,2.58,2.44,2.57,0.11,4.47,"178,294","4,516",5.69,1.10
2019-05-15,津滨发展,1000897,2.45,2.48,2.45,2.46,0.03,1.23,"89,134","2,199",1.23,0.55
2019-05-14,津滨发展,1000897,2.41,2.48,2.40,2.43,-0.07,-2.80,"108,979","2,668",3.20,0.67
2019-05-13,津滨发展,1000897,2.58,2.60,2.50,2.50,-0.13,-4.94,"249,165","6,316",3.80,1.54
2019-05-10,津滨发展,1000897,2.65,2.65,2.55,2.63,0.05,1.94,"495,359","12,908",3.88,3.06
2019-05-09,津滨发展,1000897,2.58,2.58,2.58,2.58,0.12,4.88,"16,391",423,0.00,0.10
2019-05-08,津滨发展,1000897,2.46,2.46,2.46,2.46,0.12,5.13,"24,801",610,0.00,0.15
2019-05-07,津滨发展,1000897,2.32,2.36,2.29,2.34,0.02,0.86,"112,005","2,609",3.02,0.69
2019-05-06,津滨发展,1000897,2.39,2.39,2.32,2.32,-0.12,-4.92,"208,918","4,884",2.87,1.29
2019-04-30,津滨发展,1000897,2.37,2.44,2.36,2.44,0.06,2.52,"124,380","3,002",3.36,0.77
2019-04-29,津滨发展,1000897,2.49,2.51,2.38,2.38,-0.12,-4.80,"263,281","6,375",5.20,1.63
2019-04-26,津滨发展,1000897,2.53,2.55,2.50,2.50,-0.05,-1.96,"163,047","4,104",1.96,1.01
2019-04-25,津滨发展,1000897,2.60,2.64,2.54,2.55,-0.05,-1.92,"235,356","6,093",3.85,1.46
2019-04-24,津滨发展,1000897,2.61,2.65,2.56,2.60,-0.03,-1.14,"242,632","6,301",3.42,1.50
2019-04-23,津滨发展,1000897,2.72,2.73,2.61,2.63,-0.07,-2.59,"275,523","7,305",4.44,1.70
2019-04-22,津滨发展,1000897,2.73,2.77,2.69,2.70,-0.01,-0.37,"247,307","6,755",2.95,1.53
2019-04-19,津滨发展,1000897,2.72,2.75,2.65,2.71,-0.02,-0.73,"296,988","8,008",3.66,1.84
2019-04-18,津滨发展,1000897,2.82,2.82,2.73,2.73,-0.10,-3.53,"314,127","8,721",3.18,1.94
2019-04-17,津滨发展,1000897,2.80,2.89,2.77,2.83,0.02,0.71,"377,543","10,667",4.27,2.33
2019-04-16,津滨发展,1000897,2.77,2.85,2.73,2.81,0.00,0.00,"480,237","13,377",4.27,2.97
2019-04-15,津滨发展,1000897,2.70,2.82,2.68,2.81,0.12,4.46,"718,134","20,004",5.20,4.44
2019-04-12,津滨发展,1000897,2.62,2.73,2.60,2.69,0.09,3.46,"465,586","12,476",5.00,2.88
2019-04-11,津滨发展,1000897,2.63,2.64,2.60,2.60,-0.04,-1.52,"264,132","6,908",1.52,1.63
2019-04-10,津滨发展,1000897,2.61,2.65,2.59,2.64,0.02,0.76,"277,005","7,259",2.29,1.71
2019-04-09,津滨发展,1000897,2.59,2.63,2.56,2.62,0.03,1.16,"282,262","7,350",2.70,1.75
2019-04-08,津滨发展,1000897,2.65,2.66,2.55,2.59,-0.04,-1.52,"412,408","10,705",4.18,2.55
2019-04-04,津滨发展,1000897,2.62,2.67,2.58,2.63,0.01,0.38,"391,137","10,277",3.44,2.42
2019-04-03,津滨发展,1000897,2.54,2.62,2.53,2.62,0.06,2.34,"397,775","10,310",3.52,2.46
2019-04-02,津滨发展,1000897,2.56,2.60,2.54,2.56,-0.01,-0.39,"463,169","11,902",2.33,2.86
2019-04-01,津滨发展,1000897,2.50,2.59,2.49,2.57,0.05,1.98,"601,542","15,289",3.97,3.72
2019-12-31,津滨发展,1000897,2.08,2.11,2.07,2.10,0.02,0.96,"52,587","1,100",1.92,0.33
2019-12-30,津滨发展,1000897,2.08,2.09,2.04,2.08,-0.03,-1.42,"77,369","1,600",2.37,0.48
2019-12-27,津滨发展,1000897,2.12,2.14,2.09,2.11,-0.03,-1.40,"77,368","1,640",2.34,0.48
2019-12-26,津滨发展,1000897,2.11,2.14,2.10,2.14,0.03,1.42,"82,810","1,752",1.90,0.51
2019-12-25,津滨发展,1000897,2.20,2.22,2.09,2.11,-0.08,-3.65,"201,312","4,323",5.94,1.24
2019-12-24,津滨发展,1000897,2.12,2.20,2.12,2.19,0.08,3.79,"127,574","2,764",3.79,0.79
2019-12-23,津滨发展,1000897,2.08,2.15,2.08,2.11,0.03,1.44,"121,485","2,580",3.37,0.75
2019-12-20,津滨发展,1000897,2.08,2.12,2.07,2.08,0.00,0.00,"154,723","3,236",2.40,0.96
2019-12-19,津滨发展,1000897,2.02,2.08,2.02,2.08,0.06,2.97,"108,212","2,226",2.97,0.67
2019-12-18,津滨发展,1000897,2.00,2.05,1.99,2.02,0.02,1.00,"79,396","1,606",3.00,0.49
2019-12-17,津滨发展,1000897,1.99,2.01,1.98,2.00,0.01,0.50,"80,169","1,601",1.51,0.50
2019-12-16,津滨发展,1000897,1.97,2.00,1.97,1.99,0.01,0.51,"37,809",751,1.52,0.23
2019-12-13,津滨发展,1000897,1.98,2.00,1.97,1.98,0.01,0.51,"52,351","1,037",1.52,0.32
2019-12-12,津滨发展,1000897,1.99,1.99,1.96,1.97,-0.02,-1.01,"32,043",632,1.51,0.20
2019-12-11,津滨发展,1000897,2.01,2.02,1.97,1.99,-0.03,-1.49,"58,944","1,172",2.48,0.36
2019-12-10,津滨发展,1000897,2.00,2.04,1.99,2.02,0.02,1.00,"56,558","1,140",2.50,0.35
2019-12-09,津滨发展,1000897,1.98,2.01,1.98,2.00,0.01,0.50,"47,747",952,1.51,0.30
2019-12-06,津滨发展,1000897,1.93,2.02,1.92,1.99,0.05,2.58,"128,155","2,551",5.15,0.79
2019-12-05,津滨发展,1000897,1.94,1.95,1.91,1.94,0.00,0.00,"37,842",729,2.06,0.23
2019-12-04,津滨发展,1000897,1.90,1.95,1.90,1.94,0.03,1.57,"66,923","1,291",2.62,0.41
2019-12-03,津滨发展,1000897,1.90,1.91,1.88,1.91,0.01,0.53,"39,450",749,1.58,0.24
2019-12-02,津滨发展,1000897,1.89,1.92,1.89,1.90,0.00,0.00,"30,272",577,1.58,0.19
2019-11-29,津滨发展,1000897,1.91,1.91,1.88,1.90,-0.01,-0.52,"33,390",632,1.57,0.21
2019-11-28,津滨发展,1000897,1.93,1.93,1.90,1.91,-0.02,-1.04,"40,683",777,1.55,0.25
2019-11-27,津滨发展,1000897,1.91,1.94,1.89,1.93,0.02,1.05,"52,582","1,008",2.62,0.33
2019-11-26,津滨发展,1000897,1.89,1.92,1.89,1.91,0.01,0.53,"41,205",786,1.58,0.25
2019-11-25,津滨发展,1000897,1.87,1.91,1.86,1.90,0.03,1.60,"63,773","1,207",2.67,0.39
2019-11-22,津滨发展,1000897,1.88,1.90,1.85,1.87,-0.01,-0.53,"52,078",974,2.66,0.32
2019-11-21,津滨发展,1000897,1.88,1.89,1.87,1.88,-0.01,-0.53,"25,546",479,1.06,0.16
2019-11-20,津滨发展,1000897,1.87,1.92,1.85,1.89,0.02,1.07,"68,439","1,291",3.74,0.42
2019-11-19,津滨发展,1000897,1.83,1.87,1.82,1.87,0.04,2.19,"56,541","1,048",2.73,0.35
2019-11-18,津滨发展,1000897,1.82,1.84,1.80,1.83,-0.01,-0.54,"39,266",715,2.17,0.24
2019-11-15,津滨发展,1000897,1.85,1.85,1.82,1.84,-0.01,-0.54,"37,271",684,1.62,0.23
2019-11-14,津滨发展,1000897,1.84,1.87,1.82,1.85,0.01,0.54,"47,805",879,2.72,0.30
2019-11-13,津滨发展,1000897,1.80,1.89,1.79,1.84,0.04,2.22,"106,046","1,963",5.56,0.66
2019-11-12,津滨发展,1000897,1.80,1.80,1.76,1.80,-0.01,-0.55,"58,616","1,046",2.21,0.36
2019-11-11,津滨发展,1000897,1.87,1.87,1.78,1.81,-0.06,-3.21,"87,246","1,588",4.81,0.54
2019-11-08,津滨发展,1000897,1.87,1.88,1.85,1.87,0.00,0.00,"57,447","1,070",1.60,0.36
2019-11-07,津滨发展,1000897,1.87,1.89,1.85,1.87,0.00,0.00,"47,524",889,2.14,0.29
2019-11-06,津滨发展,1000897,1.89,1.89,1.86,1.87,-0.02,-1.06,"53,500","1,003",1.59,0.33
2019-11-05,津滨发展,1000897,1.90,1.91,1.87,1.89,-0.01,-0.53,"54,742","1,033",2.11,0.34
2019-11-04,津滨发展,1000897,1.92,1.93,1.88,1.90,-0.02,-1.04,"76,337","1,459",2.60,0.47
2019-11-01,津滨发展,1000897,1.91,1.92,1.85,1.92,0.01,0.52,"111,262","2,095",3.66,0.69
2019-10-31,津滨发展,1000897,1.97,1.99,1.87,1.91,-0.06,-3.05,"135,164","2,613",6.09,0.84
2019-10-30,津滨发展,1000897,2.06,2.07,1.97,1.97,-0.10,-4.83,"171,115","3,417",4.83,1.06
2019-10-29,津滨发展,1000897,2.10,2.10,2.07,2.07,-0.03,-1.43,"37,726",785,1.43,0.23
2019-10-28,津滨发展,1000897,2.09,2.11,2.07,2.10,0.01,0.48,"63,068","1,316",1.91,0.39
2019-10-25,津滨发展,1000897,2.07,2.09,2.06,2.09,0.02,0.97,"44,396",920,1.45,0.27
2019-10-24,津滨发展,1000897,2.06,2.08,2.06,2.07,0.00,0.00,"31,773",658,0.97,0.20
2019-10-23,津滨发展,1000897,2.08,2.09,2.06,2.07,-0.01,-0.48,"61,592","1,277",1.44,0.38
2019-10-22,津滨发展,1000897,2.11,2.11,2.06,2.08,-0.04,-1.89,"110,756","2,304",2.36,0.68
2019-10-21,津滨发展,1000897,2.16,2.16,2.09,2.12,-0.03,-1.40,"83,959","1,790",3.26,0.52
2019-10-18,津滨发展,1000897,2.16,2.18,2.14,2.15,-0.02,-0.92,"83,417","1,805",1.84,0.52
2019-10-17,津滨发展,1000897,2.16,2.18,2.16,2.17,0.01,0.46,"50,223","1,088",0.93,0.31
2019-10-16,津滨发展,1000897,2.18,2.19,2.16,2.16,-0.02,-0.92,"78,125","1,699",1.38,0.48
2019-10-15,津滨发展,1000897,2.17,2.18,2.16,2.18,-0.01,-0.46,"74,446","1,616",0.91,0.46
2019-10-14,津滨发展,1000897,2.24,2.24,2.13,2.19,-0.05,-2.23,"235,409","5,117",4.91,1.46
2019-10-11,津滨发展,1000897,2.38,2.38,2.23,2.24,-0.03,-1.32,"336,409","7,818",6.61,2.08
2019-10-10,津滨发展,1000897,2.23,2.27,2.22,2.27,0.05,2.25,"100,539","2,261",2.25,0.62
2019-10-09,津滨发展,1000897,2.24,2.24,2.19,2.22,-0.02,-0.89,"102,551","2,275",2.23,0.63
2019-10-08,津滨发展,1000897,2.25,2.25,2.22,2.24,0.00,0.00,"64,112","1,435",1.34,0.40
2020-03-31,津滨发展,1000897,2.29,2.34,2.25,2.28,0.00,0.00,"159,859","3,676",3.95,0.99
2020-03-30,津滨发展,1000897,2.34,2.34,2.28,2.28,-0.12,-5.00,"304,812","6,995",2.50,1.88
2020-03-27,津滨发展,1000897,2.42,2.45,2.37,2.40,0.00,0.00,"259,614","6,238",3.33,1.61
2020-03-26,津滨发展,1000897,2.42,2.47,2.36,2.40,-0.06,-2.44,"245,398","5,904",4.47,1.52
2020-03-25,津滨发展,1000897,2.58,2.61,2.43,2.46,-0.08,-3.15,"413,715","10,344",7.09,2.56
2020-03-24,津滨发展,1000897,2.49,2.55,2.44,2.54,0.10,4.10,"278,027","6,972",4.51,1.72
2020-03-23,津滨发展,1000897,2.44,2.49,2.40,2.44,-0.08,-3.17,"180,037","4,410",3.57,1.11
2020-03-20,津滨发展,1000897,2.51,2.58,2.46,2.52,0.05,2.02,"254,086","6,399",4.86,1.57
2020-03-19,津滨发展,1000897,2.48,2.50,2.41,2.47,-0.04,-1.59,"242,807","5,954",3.59,1.50
2020-03-18,津滨发展,1000897,2.59,2.66,2.49,2.51,-0.07,-2.71,"268,376","6,910",6.59,1.66
2020-03-17,津滨发展,1000897,2.62,2.67,2.51,2.58,-0.06,-2.27,"398,693","10,240",6.06,2.47
2020-03-16,津滨发展,1000897,2.60,2.71,2.58,2.64,0.06,2.33,"703,917","18,774",5.04,4.35
2020-03-13,津滨发展,1000897,2.42,2.58,2.41,2.58,0.04,1.57,"349,414","8,688",6.69,2.16
2020-03-12,津滨发展,1000897,2.58,2.63,2.44,2.54,-0.03,-1.17,"485,409","12,294",7.39,3.00
2020-03-11,津滨发展,1000897,2.68,2.75,2.55,2.57,-0.09,-3.38,"397,879","10,520",7.52,2.46
2020-03-10,津滨发展,1000897,2.62,2.68,2.50,2.66,0.03,1.14,"331,064","8,612",6.84,2.05
2020-03-09,津滨发展,1000897,2.61,2.70,2.59,2.63,-0.02,-0.75,"276,716","7,295",4.15,1.71
2020-03-06,津滨发展,1000897,2.66,2.72,2.61,2.65,-0.05,-1.85,"350,097","9,316",4.07,2.16
2020-03-05,津滨发展,1000897,2.67,2.71,2.59,2.70,0.05,1.89,"527,591","13,972",4.53,3.26
2020-03-04,津滨发展,1000897,2.64,2.65,2.53,2.65,0.13,5.16,"759,448","19,836",4.76,4.70
2020-03-03,津滨发展,1000897,2.52,2.52,2.49,2.52,0.12,5.00,"162,105","4,082",1.25,1.00
2020-03-02,津滨发展,1000897,2.30,2.40,2.30,2.40,0.11,4.80,"204,432","4,829",4.37,1.26
2020-02-28,津滨发展,1000897,2.30,2.35,2.27,2.29,-0.07,-2.97,"193,077","4,466",3.39,1.19
2020-02-27,津滨发展,1000897,2.32,2.38,2.31,2.36,0.05,2.16,"190,689","4,472",3.03,1.18
2020-02-26,津滨发展,1000897,2.23,2.36,2.22,2.31,0.05,2.21,"236,508","5,476",6.19,1.46
2020-02-25,津滨发展,1000897,2.29,2.31,2.22,2.26,-0.08,-3.42,"262,426","5,924",3.85,1.62
2020-02-24,津滨发展,1000897,2.32,2.38,2.32,2.34,-0.01,-0.43,"143,275","3,369",2.55,0.89
2020-02-21,津滨发展,1000897,2.29,2.39,2.28,2.35,0.06,2.62,"189,571","4,443",4.80,1.17
2020-02-20,津滨发展,1000897,2.31,2.32,2.25,2.29,-0.02,-0.87,"150,869","3,439",3.03,0.93
2020-02-19,津滨发展,1000897,2.32,2.35,2.30,2.31,-0.01,-0.43,"112,699","2,614",2.16,0.70
2020-02-18,津滨发展,1000897,2.35,2.41,2.30,2.32,-0.02,-0.85,"180,876","4,235",4.70,1.12
2020-02-17,津滨发展,1000897,2.28,2.35,2.26,2.34,0.03,1.30,"180,939","4,168",3.90,1.12
2020-02-14,津滨发展,1000897,2.25,2.34,2.23,2.31,0.08,3.59,"298,240","6,885",4.93,1.84
2020-02-13,津滨发展,1000897,2.23,2.25,2.21,2.23,0.01,0.45,"155,540","3,477",1.80,0.96
2020-02-12,津滨发展,1000897,2.17,2.25,2.17,2.22,0.04,1.83,"123,375","2,735",3.67,0.76
2020-02-11,津滨发展,1000897,2.15,2.20,2.13,2.18,0.04,1.87,"130,956","2,851",3.27,0.81
2020-02-10,津滨发展,1000897,2.07,2.15,2.05,2.14,0.05,2.39,"140,710","2,963",4.78,0.87
2020-02-07,津滨发展,1000897,2.06,2.11,2.05,2.09,0.02,0.97,"138,098","2,871",2.90,0.85
2020-02-06,津滨发展,1000897,2.03,2.09,2.00,2.07,0.04,1.97,"121,794","2,504",4.43,0.75
2020-02-05,津滨发展,1000897,1.96,2.06,1.96,2.03,0.07,3.57,"235,717","4,756",5.10,1.46
2020-02-04,津滨发展,1000897,1.96,1.96,1.96,1.96,-0.10,-4.85,"52,585","1,031",0.00,0.33
2020-02-03,津滨发展,1000897,2.06,2.06,2.06,2.06,-0.11,-5.07,"6,542",135,0.00,0.04
2020-01-23,津滨发展,1000897,2.30,2.30,2.17,2.17,-0.11,-4.82,"233,333","5,148",5.70,1.44
2020-01-22,津滨发展,1000897,2.31,2.32,2.21,2.28,-0.05,-2.15,"141,610","3,198",4.72,0.88
2020-01-21,津滨发展,1000897,2.33,2.35,2.31,2.33,-0.01,-0.43,"70,591","1,640",1.71,0.44
2020-01-20,津滨发展,1000897,2.32,2.35,2.30,2.34,0.02,0.86,"72,709","1,698",2.16,0.45
2020-01-17,津滨发展,1000897,2.31,2.34,2.27,2.32,0.03,1.31,"95,520","2,200",3.06,0.59
2020-01-16,津滨发展,1000897,2.27,2.33,2.26,2.29,0.03,1.33,"113,712","2,616",3.10,0.70
2020-01-15,津滨发展,1000897,2.25,2.26,2.24,2.26,0.01,0.44,"50,565","1,138",0.89,0.31
2020-01-14,津滨发展,1000897,2.26,2.28,2.24,2.25,-0.01,-0.44,"50,495","1,141",1.77,0.31
2020-01-13,津滨发展,1000897,2.25,2.27,2.25,2.26,0.00,0.00,"45,176","1,021",0.89,0.28
2020-01-10,津滨发展,1000897,2.29,2.29,2.24,2.26,-0.02,-0.88,"63,241","1,428",2.19,0.39
2020-01-09,津滨发展,1000897,2.26,2.30,2.26,2.28,0.04,1.79,"54,307","1,237",1.79,0.34
2020-01-08,津滨发展,1000897,2.27,2.32,2.23,2.24,-0.04,-1.75,"151,843","3,452",3.95,0.94
2020-01-07,津滨发展,1000897,2.20,2.29,2.20,2.28,0.08,3.64,"138,381","3,129",4.09,0.86
2020-01-06,津滨发展,1000897,2.18,2.21,2.17,2.20,0.02,0.92,"87,489","1,922",1.83,0.54
2020-01-03,津滨发展,1000897,2.15,2.19,2.14,2.18,0.04,1.87,"84,534","1,828",2.34,0.52
2020-01-02,津滨发展,1000897,2.13,2.17,2.12,2.14,0.04,1.90,"72,901","1,563",2.38,0.45
2020-09-30,津滨发展,1000897,2.53,2.57,2.52,2.53,-0.01,-0.39,"95,160","2,419",1.97,0.59
2020-09-29,津滨发展,1000897,2.55,2.63,2.53,2.54,0.03,1.20,"157,060","4,038",3.98,0.97
2020-09-28,津滨发展,1000897,2.55,2.57,2.49,2.51,-0.04,-1.57,"110,675","2,783",3.14,0.68
2020-09-25,津滨发展,1000897,2.58,2.60,2.53,2.55,-0.01,-0.39,"148,182","3,794",2.73,0.92
2020-09-24,津滨发展,1000897,2.67,2.67,2.56,2.56,-0.11,-4.12,"238,956","6,213",4.12,1.48
2020-09-23,津滨发展,1000897,2.68,2.70,2.65,2.67,-0.01,-0.37,"148,177","3,963",1.87,0.92
2020-09-22,津滨发展,1000897,2.72,2.72,2.67,2.68,-0.05,-1.83,"164,817","4,440",1.83,1.02
2020-09-21,津滨发展,1000897,2.76,2.78,2.71,2.73,-0.02,-0.73,"176,258","4,827",2.55,1.09
2020-09-18,津滨发展,1000897,2.69,2.77,2.68,2.75,0.06,2.23,"231,772","6,345",3.35,1.43
2020-09-17,津滨发展,1000897,2.70,2.72,2.66,2.69,-0.01,-0.37,"218,113","5,852",2.22,1.35
2020-09-16,津滨发展,1000897,2.70,2.73,2.68,2.70,-0.01,-0.37,"173,179","4,679",1.85,1.07
2020-09-15,津滨发展,1000897,2.78,2.78,2.69,2.71,-0.07,-2.52,"277,164","7,523",3.24,1.71
2020-09-14,津滨发展,1000897,2.81,2.82,2.76,2.78,-0.04,-1.42,"244,182","6,775",2.13,1.51
2020-09-11,津滨发展,1000897,2.75,2.82,2.72,2.82,0.03,1.08,"284,281","7,870",3.58,1.76
2020-09-10,津滨发展,1000897,2.97,2.98,2.77,2.79,-0.19,-6.38,"563,614","16,120",7.05,3.49
2020-09-09,津滨发展,1000897,2.85,3.10,2.83,2.98,0.07,2.41,"858,104","25,649",9.28,5.31
2020-09-08,津滨发展,1000897,2.75,2.94,2.70,2.91,0.16,5.82,"617,078","17,495",8.73,3.82
2020-09-07,津滨发展,1000897,2.82,2.87,2.73,2.75,-0.10,-3.51,"466,378","12,985",4.91,2.88
2020-09-04,津滨发展,1000897,2.68,3.00,2.66,2.85,0.11,4.01,"730,371","20,758",12.41,4.52
2020-09-03,津滨发展,1000897,2.83,2.83,2.71,2.74,-0.09,-3.18,"549,832","15,233",4.24,3.40
2020-09-02,津滨发展,1000897,2.90,2.93,2.79,2.83,-0.06,-2.08,"569,519","16,134",4.84,3.52
2020-09-01,津滨发展,1000897,2.95,2.98,2.85,2.89,-0.12,-3.99,"751,750","21,864",4.32,4.65
2020-08-31,津滨发展,1000897,3.09,3.16,3.01,3.01,-0.05,-1.63,"736,440","22,616",4.90,4.55
2020-08-28,津滨发展,1000897,3.09,3.14,2.93,3.06,-0.10,-3.16,"921,026","27,858",6.65,5.69
2020-08-27,津滨发展,1000897,3.40,3.40,3.16,3.16,-0.35,-9.97,"1,256,885","40,458",6.84,7.77
2020-08-26,津滨发展,1000897,3.59,3.71,3.26,3.51,-0.02,-0.57,"1,929,488","66,122",12.75,11.93
2020-08-25,津滨发展,1000897,3.09,3.53,3.09,3.53,0.32,9.97,"1,138,103","38,955",13.71,7.04
2020-08-24,津滨发展,1000897,3.54,3.55,3.12,3.21,-0.02,-0.62,"2,281,121","75,873",13.31,14.10
2020-08-21,津滨发展,1000897,3.08,3.23,3.02,3.23,0.29,9.86,"742,762","23,626",7.14,4.59
2020-08-20,津滨发展,1000897,2.75,2.94,2.67,2.94,0.27,10.11,"1,155,600","32,543",10.11,7.15
2020-08-19,津滨发展,1000897,2.67,2.67,2.67,2.67,0.24,9.88,"292,465","7,809",0.00,1.81
2020-08-18,津滨发展,1000897,2.43,2.44,2.41,2.43,0.00,0.00,"152,631","3,696",1.23,0.94
2020-08-17,津滨发展,1000897,2.40,2.46,2.38,2.43,0.04,1.67,"243,224","5,897",3.35,1.50
2020-08-14,津滨发展,1000897,2.38,2.40,2.35,2.39,0.01,0.42,"125,298","2,980",2.10,0.77
2020-08-13,津滨发展,1000897,2.34,2.39,2.33,2.38,0.04,1.71,"151,564","3,595",2.56,0.94
2020-08-12,津滨发展,1000897,2.34,2.35,2.30,2.34,-0.01,-0.43,"154,824","3,603",2.13,0.96
2020-08-11,津滨发展,1000897,2.38,2.40,2.34,2.35,-0.03,-1.26,"140,005","3,320",2.52,0.87
2020-08-10,津滨发展,1000897,2.36,2.41,2.34,2.38,0.02,0.85,"124,994","2,974",2.97,0.77
2020-08-07,津滨发展,1000897,2.42,2.42,2.35,2.36,-0.06,-2.48,"176,491","4,202",2.89,1.09
2020-08-06,津滨发展,1000897,2.42,2.43,2.38,2.42,0.00,0.00,"167,202","4,019",2.07,1.03
2020-08-05,津滨发展,1000897,2.43,2.44,2.38,2.42,-0.01,-0.41,"152,949","3,685",2.47,0.95
2020-08-04,津滨发展,1000897,2.45,2.46,2.40,2.43,-0.02,-0.82,"219,778","5,344",2.45,1.36
2020-08-03,津滨发展,1000897,2.39,2.45,2.38,2.45,0.06,2.51,"265,728","6,423",2.93,1.64
2020-07-31,津滨发展,1000897,2.36,2.39,2.35,2.39,0.03,1.27,"151,697","3,593",1.69,0.94
2020-07-30,津滨发展,1000897,2.38,2.39,2.35,2.36,-0.02,-0.84,"129,905","3,074",1.68,0.80
2020-07-29,津滨发展,1000897,2.34,2.39,2.31,2.38,0.03,1.28,"137,162","3,229",3.40,0.85
2020-07-28,津滨发展,1000897,2.34,2.36,2.32,2.35,0.01,0.43,"111,846","2,619",1.71,0.69
2020-07-27,津滨发展,1000897,2.36,2.37,2.29,2.34,-0.02,-0.85,"139,800","3,255",3.39,0.86
2020-07-24,津滨发展,1000897,2.39,2.45,2.34,2.36,-0.04,-1.67,"259,917","6,228",4.58,1.61
2020-07-23,津滨发展,1000897,2.45,2.45,2.36,2.40,-0.05,-2.04,"208,538","4,997",3.67,1.29
2020-07-22,津滨发展,1000897,2.48,2.49,2.44,2.45,-0.02,-0.81,"199,384","4,906",2.02,1.23
2020-07-21,津滨发展,1000897,2.48,2.49,2.44,2.47,0.01,0.41,"174,892","4,315",2.03,1.08
2020-07-20,津滨发展,1000897,2.38,2.47,2.38,2.46,0.09,3.80,"205,210","4,983",3.80,1.27
2020-07-17,津滨发展,1000897,2.37,2.40,2.34,2.37,0.00,0.00,"160,001","3,795",2.53,0.99
2020-07-16,津滨发展,1000897,2.45,2.50,2.35,2.37,-0.10,-4.05,"272,460","6,621",6.07,1.68
2020-07-15,津滨发展,1000897,2.55,2.56,2.44,2.47,-0.08,-3.14,"308,693","7,688",4.71,1.91
2020-07-14,津滨发展,1000897,2.63,2.63,2.49,2.55,0.00,0.00,"633,745","16,226",5.49,3.92
2020-07-13,津滨发展,1000897,2.42,2.55,2.41,2.55,0.11,4.51,"413,363","10,279",5.74,2.56
2020-07-10,津滨发展,1000897,2.46,2.53,2.43,2.44,-0.03,-1.21,"351,827","8,679",4.05,2.18
2020-07-09,津滨发展,1000897,2.41,2.47,2.40,2.47,0.05,2.07,"412,530","10,050",2.89,2.55
2020-07-08,津滨发展,1000897,2.37,2.45,2.35,2.42,0.04,1.68,"371,484","8,918",4.20,2.30
2020-07-07,津滨发展,1000897,2.47,2.48,2.37,2.38,-0.04,-1.65,"415,732","9,974",4.55,2.57
2020-07-06,津滨发展,1000897,2.34,2.45,2.34,2.42,0.10,4.31,"501,670","11,961",4.74,3.10
2020-07-03,津滨发展,1000897,2.27,2.34,2.27,2.32,0.05,2.20,"286,265","6,591",3.08,1.77
2020-07-02,津滨发展,1000897,2.24,2.28,2.23,2.27,0.03,1.34,"197,361","4,453",2.23,1.22
2020-07-01,津滨发展,1000897,2.20,2.26,2.19,2.24,0.04,1.82,"149,907","3,343",3.18,0.93
2020-06-30,津滨发展,1000897,2.19,2.25,2.19,2.20,0.04,1.85,"97,006","2,150",2.78,0.60
2020-06-29,津滨发展,1000897,2.21,2.22,2.15,2.16,-0.06,-2.70,"114,448","2,485",3.15,0.71
2020-06-24,津滨发展,1000897,2.21,2.24,2.20,2.22,0.01,0.45,"68,568","1,520",1.81,0.42
2020-06-23,津滨发展,1000897,2.25,2.25,2.21,2.21,-0.04,-1.78,"94,287","2,099",1.78,0.58
2020-06-22,津滨发展,1000897,2.24,2.27,2.22,2.25,0.01,0.45,"101,831","2,287",2.23,0.63
2020-06-19,津滨发展,1000897,2.23,2.25,2.22,2.24,0.01,0.45,"104,548","2,336",1.35,0.65
2020-06-18,津滨发展,1000897,2.21,2.26,2.21,2.23,0.00,0.00,"103,559","2,317",2.24,0.64
2020-06-17,津滨发展,1000897,2.23,2.24,2.21,2.23,-0.01,-0.45,"96,943","2,158",1.34,0.60
2020-06-16,津滨发展,1000897,2.23,2.26,2.22,2.24,0.02,0.90,"91,618","2,052",1.80,0.57
2020-06-15,津滨发展,1000897,2.24,2.27,2.20,2.22,-0.03,-1.33,"128,579","2,871",3.11,0.80
2020-06-12,津滨发展,1000897,2.21,2.27,2.20,2.25,0.00,0.00,"112,970","2,525",3.11,0.70
2020-06-11,津滨发展,1000897,2.30,2.31,2.24,2.25,-0.08,-3.43,"272,007","6,179",3.00,1.68
2020-06-10,津滨发展,1000897,2.30,2.45,2.29,2.33,0.04,1.75,"277,887","6,540",6.99,1.72
2020-06-09,津滨发展,1000897,2.33,2.38,2.28,2.29,-0.09,-3.78,"347,419","8,006",4.20,2.15
2020-06-08,津滨发展,1000897,2.56,2.56,2.33,2.38,-0.17,-6.67,"731,164","17,824",9.02,4.52
2020-06-05,津滨发展,1000897,2.55,2.55,2.55,2.55,0.23,9.91,"25,090",640,0.00,0.16
2020-06-03,津滨发展,1000897,2.26,2.33,2.24,2.32,0.04,1.75,"190,214","4,371",3.95,1.18
2020-06-02,津滨发展,1000897,2.18,2.29,2.17,2.28,0.10,4.59,"226,928","5,100",5.50,1.40
2020-06-01,津滨发展,1000897,2.16,2.20,2.11,2.18,0.00,0.00,"211,607","4,552",4.13,1.31
2020-05-29,津滨发展,1000897,2.14,2.18,2.12,2.18,0.10,4.81,"235,061","5,109",2.88,1.45
2020-05-28,津滨发展,1000897,2.09,2.11,2.05,2.08,-0.02,-0.95,"69,613","1,450",2.86,0.43
2020-05-27,津滨发展,1000897,2.13,2.13,2.09,2.10,-0.03,-1.41,"93,043","1,958",1.88,0.58
2020-05-26,津滨发展,1000897,2.11,2.15,2.11,2.13,0.01,0.47,"69,659","1,484",1.89,0.43
2020-05-25,津滨发展,1000897,2.08,2.15,2.07,2.12,0.03,1.44,"96,962","2,048",3.83,0.60
2020-05-22,津滨发展,1000897,2.07,2.10,2.04,2.09,0.02,0.97,"104,565","2,166",2.90,0.65
2020-05-21,津滨发展,1000897,2.06,2.09,2.04,2.07,0.01,0.49,"80,624","1,666",2.43,0.50
2020-05-20,津滨发展,1000897,2.11,2.11,2.06,2.06,-0.05,-2.37,"66,425","1,384",2.37,0.41
2020-05-19,津滨发展,1000897,2.06,2.14,2.04,2.11,0.06,2.93,"129,508","2,707",4.88,0.80
2020-05-18,津滨发展,1000897,2.05,2.07,2.03,2.05,-0.02,-0.97,"88,618","1,818",1.93,0.55
2020-05-15,津滨发展,1000897,2.09,2.12,2.04,2.07,-0.05,-2.36,"139,641","2,908",3.77,0.86
2020-05-14,津滨发展,1000897,2.10,2.14,2.04,2.12,-0.02,-0.93,"182,718","3,804",4.67,1.13
2020-05-13,津滨发展,1000897,2.23,2.24,2.14,2.14,-0.11,-4.89,"218,698","4,737",4.44,1.35
2020-05-12,津滨发展,1000897,2.27,2.27,2.23,2.25,-0.02,-0.88,"74,909","1,683",1.76,0.46
2020-05-11,津滨发展,1000897,2.29,2.29,2.26,2.27,-0.02,-0.87,"88,331","2,010",1.31,0.55
2020-05-08,津滨发展,1000897,2.28,2.30,2.27,2.29,0.01,0.44,"73,627","1,685",1.32,0.46
2020-05-07,津滨发展,1000897,2.29,2.29,2.27,2.28,-0.02,-0.87,"63,754","1,453",0.87,0.39
2020-05-06,津滨发展,1000897,2.29,2.30,2.27,2.30,-0.01,-0.43,"149,447","3,412",1.30,0.92
2020-04-30,津滨发展,1000897,2.27,2.32,2.25,2.31,0.03,1.32,"109,098","2,500",3.07,0.67
2020-04-29,津滨发展,1000897,2.24,2.32,2.22,2.28,0.04,1.79,"149,926","3,410",4.46,0.93
2020-04-28,津滨发展,1000897,2.33,2.34,2.22,2.24,-0.10,-4.27,"226,947","5,118",5.13,1.40
2020-04-27,津滨发展,1000897,2.34,2.37,2.33,2.34,0.00,0.00,"93,072","2,183",1.71,0.58
2020-04-24,津滨发展,1000897,2.39,2.41,2.32,2.34,-0.07,-2.90,"157,790","3,716",3.73,0.98
2020-04-23,津滨发展,1000897,2.41,2.44,2.38,2.41,-0.01,-0.41,"136,224","3,278",2.48,0.84
2020-04-22,津滨发展,1000897,2.35,2.44,2.34,2.42,0.04,1.68,"159,116","3,798",4.20,0.98
2020-04-21,津滨发展,1000897,2.37,2.38,2.34,2.38,-0.01,-0.42,"149,148","3,524",1.67,0.92
2020-04-20,津滨发展,1000897,2.40,2.41,2.36,2.39,-0.02,-0.83,"143,757","3,422",2.07,0.89
2020-04-17,津滨发展,1000897,2.44,2.44,2.40,2.41,-0.04,-1.63,"153,211","3,701",1.63,0.95
2020-04-16,津滨发展,1000897,2.40,2.46,2.38,2.45,0.03,1.24,"181,502","4,415",3.31,1.12
2020-04-15,津滨发展,1000897,2.40,2.45,2.36,2.42,0.04,1.68,"240,622","5,779",3.78,1.49
2020-04-14,津滨发展,1000897,2.33,2.38,2.31,2.38,0.07,3.03,"128,593","3,019",3.03,0.80
2020-04-13,津滨发展,1000897,2.35,2.38,2.29,2.31,-0.06,-2.53,"139,585","3,245",3.80,0.86
2020-04-10,津滨发展,1000897,2.46,2.48,2.37,2.37,-0.12,-4.82,"283,300","6,809",4.42,1.75
2020-04-09,津滨发展,1000897,2.38,2.50,2.38,2.49,0.11,4.62,"354,105","8,745",5.04,2.19
2020-04-08,津滨发展,1000897,2.34,2.41,2.34,2.38,0.02,0.85,"133,267","3,165",2.97,0.82
2020-04-07,津滨发展,1000897,2.32,2.38,2.31,2.36,0.03,1.29,"146,240","3,426",3.00,0.90
2020-04-03,津滨发展,1000897,2.26,2.35,2.25,2.33,0.06,2.64,"165,431","3,781",4.41,1.02
2020-04-02,津滨发展,1000897,2.27,2.29,2.23,2.27,-0.02,-0.87,"144,359","3,251",2.62,0.89
2020-04-01,津滨发展,1000897,2.27,2.32,2.26,2.29,0.01,0.44,"118,448","2,707",2.63,0.73
2020-12-31,津滨发展,1000897,2.46,2.49,2.44,2.49,0.03,1.22,"96,454","2,382",2.03,0.60
2020-12-30,津滨发展,1000897,2.46,2.49,2.45,2.46,0.00,0.00,"80,454","1,983",1.63,0.50
2020-12-29,津滨发展,1000897,2.45,2.47,2.43,2.46,0.02,0.82,"88,290","2,170",1.64,0.55
2020-12-28,津滨发展,1000897,2.44,2.47,2.43,2.44,-0.01,-0.41,"63,264","1,546",1.63,0.39
2020-12-25,津滨发展,1000897,2.37,2.47,2.36,2.45,0.08,3.38,"124,543","3,026",4.64,0.77
2020-12-24,津滨发展,1000897,2.42,2.43,2.36,2.37,-0.05,-2.07,"118,704","2,831",2.89,0.73
2020-12-23,津滨发展,1000897,2.42,2.44,2.41,2.42,0.00,0.00,"83,121","2,016",1.24,0.51
2020-12-22,津滨发展,1000897,2.45,2.48,2.41,2.42,-0.03,-1.22,"105,874","2,590",2.86,0.65
2020-12-21,津滨发展,1000897,2.46,2.47,2.43,2.45,-0.02,-0.81,"105,103","2,572",1.62,0.65
2020-12-18,津滨发展,1000897,2.48,2.51,2.45,2.47,-0.01,-0.40,"89,487","2,215",2.42,0.55
2020-12-17,津滨发展,1000897,2.46,2.50,2.41,2.48,0.02,0.81,"100,330","2,463",3.66,0.62
2020-12-16,津滨发展,1000897,2.54,2.55,2.45,2.46,-0.08,-3.15,"111,230","2,770",3.94,0.69
2020-12-15,津滨发展,1000897,2.55,2.56,2.51,2.54,-0.03,-1.17,"59,294","1,503",1.95,0.37
2020-12-14,津滨发展,1000897,2.54,2.57,2.52,2.57,0.03,1.18,"70,498","1,800",1.97,0.44
2020-12-11,津滨发展,1000897,2.52,2.55,2.50,2.54,0.03,1.20,"106,374","2,681",1.99,0.66
2020-12-10,津滨发展,1000897,2.50,2.54,2.49,2.51,-0.01,-0.40,"70,324","1,768",1.98,0.43
2020-12-09,津滨发展,1000897,2.59,2.59,2.51,2.52,-0.07,-2.70,"97,678","2,490",3.09,0.60
2020-12-08,津滨发展,1000897,2.60,2.61,2.58,2.59,-0.01,-0.38,"82,804","2,142",1.15,0.51
2020-12-07,津滨发展,1000897,2.66,2.66,2.60,2.60,-0.06,-2.26,"107,916","2,830",2.26,0.67
2020-12-04,津滨发展,1000897,2.68,2.69,2.64,2.66,-0.04,-1.48,"121,877","3,244",1.85,0.75
2020-12-03,津滨发展,1000897,2.69,2.71,2.67,2.70,-0.02,-0.74,"191,514","5,142",1.47,1.18
2020-12-02,津滨发展,1000897,2.64,2.76,2.62,2.72,0.08,3.03,"406,365","11,023",5.30,2.51
2020-12-01,津滨发展,1000897,2.62,2.65,2.58,2.64,0.01,0.38,"130,294","3,407",2.66,0.81
2020-11-30,津滨发展,1000897,2.63,2.67,2.62,2.63,0.00,0.00,"130,381","3,450",1.90,0.81
2020-11-27,津滨发展,1000897,2.61,2.64,2.58,2.63,0.02,0.77,"119,505","3,121",2.30,0.74
2020-11-26,津滨发展,1000897,2.61,2.63,2.60,2.61,-0.01,-0.38,"93,726","2,445",1.15,0.58
2020-11-25,津滨发展,1000897,2.64,2.68,2.62,2.62,-0.02,-0.76,"154,452","4,095",2.27,0.96
2020-11-24,津滨发展,1000897,2.67,2.68,2.63,2.64,-0.04,-1.49,"149,610","3,958",1.87,0.93
2020-11-23,津滨发展,1000897,2.69,2.71,2.66,2.68,-0.01,-0.37,"175,060","4,691",1.86,1.08
2020-11-20,津滨发展,1000897,2.67,2.70,2.66,2.69,0.00,0.00,"129,340","3,468",1.49,0.80
2020-11-19,津滨发展,1000897,2.71,2.72,2.65,2.69,-0.05,-1.82,"229,714","6,150",2.55,1.42
2020-11-18,津滨发展,1000897,2.78,2.80,2.72,2.74,-0.06,-2.14,"327,039","9,004",2.86,2.02
2020-11-17,津滨发展,1000897,2.69,2.90,2.65,2.80,0.08,2.94,"556,100","15,421",9.19,3.44
2020-11-16,津滨发展,1000897,2.64,2.74,2.59,2.72,0.07,2.64,"299,926","7,998",5.66,1.85
2020-11-13,津滨发展,1000897,2.71,2.78,2.62,2.65,-0.08,-2.93,"300,115","7,966",5.86,1.86
2020-11-12,津滨发展,1000897,2.69,2.76,2.62,2.73,-0.01,-0.37,"494,608","13,346",5.11,3.06
2020-11-11,津滨发展,1000897,2.57,2.85,2.55,2.74,0.15,5.79,"810,581","22,241",11.58,5.01
2020-11-10,津滨发展,1000897,2.57,2.65,2.56,2.59,0.01,0.39,"196,555","5,119",3.49,1.22
2020-11-09,津滨发展,1000897,2.57,2.60,2.55,2.58,0.02,0.78,"195,686","5,042",1.95,1.21
2020-11-06,津滨发展,1000897,2.60,2.65,2.55,2.56,-0.07,-2.66,"195,908","5,058",3.80,1.21
2020-11-05,津滨发展,1000897,2.54,2.67,2.53,2.63,0.10,3.95,"342,272","8,936",5.53,2.12
2020-11-04,津滨发展,1000897,2.44,2.55,2.42,2.53,0.08,3.27,"190,415","4,728",5.31,1.18
2020-11-03,津滨发展,1000897,2.39,2.45,2.38,2.45,0.04,1.66,"104,497","2,535",2.90,0.65
2020-11-02,津滨发展,1000897,2.50,2.51,2.35,2.41,-0.10,-3.98,"199,261","4,826",6.37,1.23
2020-10-30,津滨发展,1000897,2.46,2.58,2.46,2.51,0.04,1.62,"205,454","5,167",4.86,1.27
2020-10-29,津滨发展,1000897,2.44,2.48,2.43,2.47,0.00,0.00,"70,902","1,743",2.02,0.44
2020-10-28,津滨发展,1000897,2.48,2.48,2.43,2.47,0.00,0.00,"86,234","2,113",2.02,0.53
2020-10-27,津滨发展,1000897,2.48,2.48,2.45,2.47,-0.01,-0.40,"95,474","2,353",1.21,0.59
2020-10-26,津滨发展,1000897,2.49,2.50,2.45,2.48,-0.02,-0.80,"88,580","2,195",2.00,0.55
2020-10-23,津滨发展,1000897,2.53,2.56,2.49,2.50,-0.04,-1.57,"95,363","2,402",2.76,0.59
2020-10-22,津滨发展,1000897,2.53,2.56,2.51,2.54,0.01,0.40,"86,442","2,192",1.98,0.53
2020-10-21,津滨发展,1000897,2.60,2.61,2.52,2.53,-0.06,-2.32,"121,404","3,093",3.47,0.75
2020-10-20,津滨发展,1000897,2.59,2.60,2.55,2.59,-0.01,-0.38,"90,917","2,338",1.92,0.56
2020-10-19,津滨发展,1000897,2.61,2.65,2.59,2.60,-0.01,-0.38,"111,489","2,919",2.30,0.69
2020-10-16,津滨发展,1000897,2.61,2.62,2.58,2.61,-0.01,-0.38,"94,119","2,448",1.53,0.58
2020-10-15,津滨发展,1000897,2.67,2.67,2.60,2.62,-0.05,-1.87,"140,718","3,691",2.62,0.87
2020-10-14,津滨发展,1000897,2.69,2.70,2.62,2.67,-0.03,-1.11,"142,749","3,778",2.96,0.88
2020-10-13,津滨发展,1000897,2.67,2.70,2.64,2.70,0.04,1.50,"184,391","4,912",2.26,1.14
2020-10-12,津滨发展,1000897,2.60,2.67,2.60,2.66,0.07,2.70,"181,393","4,790",2.70,1.12
2020-10-09,津滨发展,1000897,2.54,2.61,2.54,2.59,0.06,2.37,"135,871","3,514",2.77,0.84
2021-06-30,津滨发展,1000897,2.10,2.11,2.09,2.10,0.00,0.00,"31,521",660,0.95,0.19
2021-06-29,津滨发展,1000897,2.10,2.12,2.09,2.10,-0.01,-0.47,"45,739",962,1.42,0.28
2021-06-28,津滨发展,1000897,2.12,2.12,2.10,2.11,-0.01,-0.47,"39,062",824,0.94,0.24
2021-06-25,津滨发展,1000897,2.13,2.13,2.11,2.12,0.01,0.47,"46,268",980,0.95,0.29
2021-06-24,津滨发展,1000897,2.12,2.13,2.11,2.11,-0.01,-0.47,"44,612",946,0.94,0.28
2021-06-23,津滨发展,1000897,2.15,2.15,2.12,2.12,-0.04,-1.85,"83,529","1,780",1.39,0.52
2021-06-22,津滨发展,1000897,2.10,2.19,2.10,2.16,0.05,2.37,"134,890","2,884",4.27,0.83
2021-06-21,津滨发展,1000897,2.10,2.11,2.08,2.11,0.01,0.48,"67,937","1,422",1.43,0.42
2021-06-18,津滨发展,1000897,2.12,2.12,2.09,2.10,-0.02,-0.94,"66,248","1,392",1.42,0.41
2021-06-17,津滨发展,1000897,2.13,2.13,2.11,2.12,-0.01,-0.47,"49,731","1,054",0.94,0.31
2021-06-16,津滨发展,1000897,2.13,2.14,2.12,2.13,0.00,0.00,"55,207","1,175",0.94,0.34
2021-06-15,津滨发展,1000897,2.16,2.17,2.13,2.13,-0.03,-1.39,"67,826","1,457",1.85,0.42
2021-06-11,津滨发展,1000897,2.17,2.18,2.16,2.16,-0.01,-0.46,"47,659","1,035",0.92,0.29
2021-06-10,津滨发展,1000897,2.19,2.19,2.16,2.17,-0.02,-0.91,"83,748","1,820",1.37,0.52
2021-06-09,津滨发展,1000897,2.18,2.19,2.17,2.19,0.01,0.46,"46,088","1,006",0.92,0.29
2021-06-08,津滨发展,1000897,2.19,2.20,2.18,2.18,-0.02,-0.91,"45,217",987,0.91,0.28
2021-06-07,津滨发展,1000897,2.18,2.21,2.17,2.20,0.02,0.92,"112,443","2,470",1.83,0.70
2021-06-04,津滨发展,1000897,2.20,2.20,2.17,2.18,-0.03,-1.36,"73,533","1,606",1.36,0.45
2021-06-03,津滨发展,1000897,2.20,2.21,2.18,2.21,0.01,0.45,"89,017","1,956",1.36,0.55
2021-06-02,津滨发展,1000897,2.18,2.21,2.18,2.20,0.01,0.46,"91,026","2,002",1.37,0.56
2021-06-01,津滨发展,1000897,2.20,2.20,2.18,2.19,-0.01,-0.45,"52,786","1,156",0.91,0.33
2021-05-31,津滨发展,1000897,2.18,2.21,2.17,2.20,0.01,0.46,"75,091","1,644",1.83,0.46
2021-05-28,津滨发展,1000897,2.20,2.21,2.18,2.19,-0.01,-0.45,"59,388","1,300",1.36,0.37
2021-05-27,津滨发展,1000897,2.19,2.22,2.19,2.20,0.01,0.46,"80,193","1,765",1.37,0.50
2021-05-26,津滨发展,1000897,2.18,2.21,2.17,2.19,0.01,0.46,"90,867","1,994",1.83,0.56
2021-05-25,津滨发展,1000897,2.18,2.19,2.17,2.18,0.00,0.00,"49,670","1,083",0.92,0.31
2021-05-24,津滨发展,1000897,2.16,2.20,2.16,2.18,0.01,0.46,"52,852","1,153",1.84,0.33
2021-05-21,津滨发展,1000897,2.15,2.18,2.15,2.17,0.01,0.46,"52,925","1,144",1.39,0.33
2021-05-20,津滨发展,1000897,2.16,2.17,2.15,2.16,0.00,0.00,"49,217","1,060",0.93,0.30
2021-05-19,津滨发展,1000897,2.17,2.17,2.15,2.16,-0.01,-0.46,"35,134",760,0.92,0.22
2021-05-18,津滨发展,1000897,2.16,2.18,2.15,2.17,0.01,0.46,"57,362","1,243",1.39,0.35
2021-05-17,津滨发展,1000897,2.22,2.22,2.16,2.16,-0.06,-2.70,"102,468","2,236",2.70,0.63
2021-05-14,津滨发展,1000897,2.20,2.22,2.18,2.22,0.02,0.91,"93,459","2,060",1.82,0.58
2021-05-13,津滨发展,1000897,2.19,2.23,2.19,2.20,-0.01,-0.45,"91,908","2,028",1.81,0.57
2021-05-12,津滨发展,1000897,2.18,2.22,2.17,2.21,0.03,1.38,"97,583","2,144",2.29,0.60
2021-05-11,津滨发展,1000897,2.15,2.19,2.14,2.18,0.02,0.93,"82,301","1,786",2.31,0.51
2021-05-10,津滨发展,1000897,2.16,2.17,2.14,2.16,0.00,0.00,"76,914","1,656",1.39,0.48
2021-05-07,津滨发展,1000897,2.19,2.20,2.14,2.16,-0.03,-1.37,"97,237","2,103",2.74,0.60
2021-05-06,津滨发展,1000897,2.17,2.22,2.16,2.19,0.01,0.46,"63,209","1,382",2.75,0.39
2021-04-30,津滨发展,1000897,2.15,2.26,2.14,2.18,0.03,1.40,"112,713","2,473",5.58,0.70
2021-04-29,津滨发展,1000897,2.16,2.17,2.15,2.15,-0.01,-0.46,"49,966","1,078",0.93,0.31
2021-04-28,津滨发展,1000897,2.16,2.17,2.15,2.16,0.00,0.00,"43,162",931,0.93,0.27
2021-04-27,津滨发展,1000897,2.18,2.18,2.14,2.16,-0.02,-0.92,"48,910","1,055",1.83,0.30
2021-04-26,津滨发展,1000897,2.18,2.20,2.17,2.18,0.00,0.00,"56,225","1,226",1.38,0.35
2021-04-23,津滨发展,1000897,2.20,2.20,2.16,2.18,-0.02,-0.91,"70,274","1,533",1.82,0.43
2021-04-22,津滨发展,1000897,2.21,2.23,2.19,2.20,-0.01,-0.45,"59,795","1,319",1.81,0.37
2021-04-21,津滨发展,1000897,2.23,2.24,2.20,2.21,-0.03,-1.34,"66,622","1,476",1.79,0.41
2021-04-20,津滨发展,1000897,2.25,2.26,2.23,2.24,-0.01,-0.44,"76,367","1,716",1.33,0.47
2021-04-19,津滨发展,1000897,2.25,2.26,2.24,2.25,0.01,0.45,"95,673","2,150",0.89,0.59
2021-04-16,津滨发展,1000897,2.19,2.25,2.18,2.24,0.05,2.28,"121,968","2,718",3.20,0.75
2021-04-15,津滨发展,1000897,2.20,2.21,2.18,2.19,-0.02,-0.91,"72,280","1,585",1.36,0.45
2021-04-14,津滨发展,1000897,2.19,2.21,2.17,2.21,0.01,0.45,"73,458","1,611",1.82,0.45
2021-04-13,津滨发展,1000897,2.24,2.24,2.19,2.20,-0.03,-1.35,"82,224","1,813",2.24,0.51
2021-04-12,津滨发展,1000897,2.25,2.25,2.22,2.23,-0.02,-0.89,"69,208","1,547",1.33,0.43
2021-04-09,津滨发展,1000897,2.25,2.26,2.24,2.25,-0.01,-0.44,"68,737","1,544",0.89,0.43
2021-04-08,津滨发展,1000897,2.30,2.31,2.26,2.26,-0.05,-2.16,"106,066","2,417",2.16,0.66
2021-04-07,津滨发展,1000897,2.27,2.32,2.25,2.31,0.05,2.21,"138,147","3,162",3.10,0.85
2021-04-06,津滨发展,1000897,2.26,2.28,2.25,2.26,0.00,0.00,"70,224","1,588",1.33,0.43
2021-04-02,津滨发展,1000897,2.25,2.27,2.23,2.26,0.01,0.44,"80,706","1,819",1.78,0.50
2021-04-01,津滨发展,1000897,2.27,2.27,2.23,2.25,-0.03,-1.32,"88,956","1,997",1.75,0.55
2021-12-31,津滨发展,1000897,2.73,2.78,2.71,2.72,-0.02,-0.73,"270,433","7,404",2.55,1.67
2021-12-30,津滨发展,1000897,2.77,2.78,2.72,2.74,-0.02,-0.72,"252,575","6,927",2.17,1.56
2021-12-29,津滨发展,1000897,2.78,2.80,2.70,2.76,-0.02,-0.72,"292,631","8,047",3.60,1.81
2021-12-28,津滨发展,1000897,2.76,2.79,2.68,2.78,0.00,0.00,"503,592","13,741",3.96,3.11
2021-12-27,津滨发展,1000897,2.78,2.89,2.76,2.78,0.02,0.72,"572,086","16,059",4.71,3.54
2021-12-24,津滨发展,1000897,2.89,2.92,2.76,2.76,-0.13,-4.50,"827,300","23,234",5.54,5.12
2021-12-23,津滨发展,1000897,2.85,3.01,2.85,2.89,-0.22,-7.07,"1,591,177","46,245",5.14,9.84
2021-12-22,津滨发展,1000897,3.42,3.42,3.05,3.11,0.00,0.00,"2,650,252","86,731",11.90,16.39
2021-12-21,津滨发展,1000897,3.04,3.11,2.98,3.11,0.28,9.89,"1,102,583","34,101",4.59,6.82
2021-12-20,津滨发展,1000897,2.61,2.83,2.61,2.83,0.26,10.12,"456,923","12,700",8.56,2.83
2021-12-17,津滨发展,1000897,2.50,2.61,2.48,2.57,0.08,3.21,"500,238","12,847",5.22,3.09
2021-12-16,津滨发展,1000897,2.49,2.50,2.44,2.49,0.00,0.00,"241,700","5,982",2.41,1.49
2021-12-15,津滨发展,1000897,2.39,2.50,2.38,2.49,0.09,3.75,"411,872","10,121",5.00,2.55
2021-12-14,津滨发展,1000897,2.42,2.42,2.38,2.40,-0.02,-0.83,"130,855","3,130",1.65,0.81
2021-12-13,津滨发展,1000897,2.44,2.46,2.40,2.42,-0.01,-0.41,"203,165","4,922",2.47,1.26
2021-12-10,津滨发展,1000897,2.39,2.47,2.37,2.43,0.03,1.25,"290,032","7,008",4.17,1.79
2021-12-09,津滨发展,1000897,2.40,2.42,2.37,2.40,-0.01,-0.41,"190,030","4,559",2.07,1.18
2021-12-08,津滨发展,1000897,2.44,2.47,2.37,2.41,-0.04,-1.63,"228,418","5,484",4.08,1.41
2021-12-07,津滨发展,1000897,2.44,2.54,2.43,2.45,0.03,1.24,"314,729","7,792",4.55,1.95
2021-12-06,津滨发展,1000897,2.50,2.51,2.40,2.42,-0.07,-2.81,"238,464","5,842",4.42,1.47
2021-12-03,津滨发展,1000897,2.43,2.51,2.42,2.49,0.06,2.47,"233,777","5,758",3.70,1.45
2021-12-02,津滨发展,1000897,2.47,2.47,2.42,2.43,-0.05,-2.02,"190,985","4,671",2.02,1.18
2021-12-01,津滨发展,1000897,2.46,2.48,2.44,2.48,0.02,0.81,"177,806","4,382",1.63,1.10
2021-11-30,津滨发展,1000897,2.52,2.52,2.45,2.46,-0.04,-1.60,"216,324","5,355",2.80,1.34
2021-11-29,津滨发展,1000897,2.43,2.52,2.41,2.50,0.03,1.21,"251,991","6,263",4.45,1.56
2021-11-26,津滨发展,1000897,2.51,2.55,2.46,2.47,-0.05,-1.98,"232,546","5,797",3.57,1.44
2021-11-25,津滨发展,1000897,2.52,2.55,2.49,2.52,-0.02,-0.79,"218,345","5,492",2.36,1.35
2021-11-24,津滨发展,1000897,2.50,2.62,2.48,2.54,0.05,2.01,"371,609","9,487",5.62,2.30
2021-11-23,津滨发展,1000897,2.50,2.52,2.48,2.49,-0.03,-1.19,"220,801","5,506",1.59,1.37
2021-11-22,津滨发展,1000897,2.50,2.53,2.40,2.52,0.02,0.80,"387,794","9,585",5.20,2.40
2021-11-19,津滨发展,1000897,2.47,2.55,2.45,2.50,0.01,0.40,"382,701","9,584",4.02,2.37
2021-11-18,津滨发展,1000897,2.55,2.58,2.47,2.49,-0.09,-3.49,"415,586","10,437",4.26,2.57
2021-11-17,津滨发展,1000897,2.61,2.62,2.51,2.58,-0.02,-0.77,"408,377","10,393",4.23,2.53
2021-11-16,津滨发展,1000897,2.63,2.68,2.57,2.60,-0.02,-0.76,"386,876","10,106",4.20,2.39
2021-11-15,津滨发展,1000897,2.69,2.69,2.61,2.62,-0.06,-2.24,"463,646","12,230",2.99,2.87
2021-11-12,津滨发展,1000897,2.77,2.83,2.67,2.68,-0.09,-3.25,"665,699","18,125",5.78,4.12
2021-11-11,津滨发展,1000897,2.68,2.94,2.66,2.77,0.09,3.36,"966,459","27,473",10.45,5.98
2021-11-10,津滨发展,1000897,2.69,2.73,2.61,2.68,-0.05,-1.83,"469,700","12,505",4.40,2.90
2021-11-09,津滨发展,1000897,2.64,2.78,2.58,2.73,0.08,3.02,"601,562","16,122",7.55,3.72
2021-11-08,津滨发展,1000897,2.66,2.78,2.64,2.65,-0.02,-0.75,"520,397","13,965",5.24,3.22
2021-11-05,津滨发展,1000897,2.71,2.81,2.63,2.67,-0.10,-3.61,"824,774","22,321",6.50,5.10
2021-11-04,津滨发展,1000897,2.58,2.90,2.55,2.77,0.13,4.92,"1,409,313","37,972",13.26,8.71
2021-11-03,津滨发展,1000897,2.38,2.64,2.38,2.64,0.24,10.00,"801,496","20,824",10.83,4.96
2021-11-02,津滨发展,1000897,2.51,2.53,2.37,2.40,-0.12,-4.76,"510,858","12,404",6.35,3.16
2021-11-01,津滨发展,1000897,2.52,2.59,2.43,2.52,0.01,0.40,"650,517","16,344",6.37,4.02
2021-10-29,津滨发展,1000897,2.56,2.69,2.47,2.51,-0.05,-1.95,"1,147,418","29,441",8.59,7.09
2021-10-28,津滨发展,1000897,2.34,2.56,2.33,2.56,0.23,9.87,"571,761","14,283",9.87,3.54
2021-10-27,津滨发展,1000897,2.36,2.41,2.29,2.33,-0.07,-2.92,"589,907","13,775",5.00,3.65
2021-10-26,津滨发展,1000897,2.45,2.52,2.39,2.40,-0.20,-7.69,"790,766","19,379",5.00,4.89
2021-10-25,津滨发展,1000897,2.59,2.85,2.43,2.60,-0.04,-1.52,"1,487,939","38,021",15.91,9.20
2021-10-22,津滨发展,1000897,2.42,2.64,2.40,2.64,0.24,10.00,"689,297","17,637",10.00,4.26
2021-10-21,津滨发展,1000897,2.20,2.40,2.17,2.40,0.22,10.09,"646,160","15,133",10.55,4.00
2021-10-20,津滨发展,1000897,2.16,2.22,2.14,2.18,0.02,0.93,"252,803","5,540",3.70,1.56
2021-10-19,津滨发展,1000897,2.15,2.18,2.11,2.16,0.00,0.00,"217,362","4,668",3.24,1.34
2021-10-18,津滨发展,1000897,2.15,2.19,2.11,2.16,-0.03,-1.37,"378,462","8,155",3.65,2.34
2021-10-15,津滨发展,1000897,2.22,2.26,2.13,2.19,-0.02,-0.91,"701,027","15,335",5.88,4.33
2021-10-14,津滨发展,1000897,2.21,2.21,2.21,2.21,0.20,9.95,"319,776","7,067",0.00,1.98
2021-10-13,津滨发展,1000897,2.02,2.03,1.99,2.01,-0.02,-0.99,"41,055",825,1.97,0.25
2021-10-12,津滨发展,1000897,2.03,2.05,2.00,2.03,-0.01,-0.49,"74,311","1,504",2.45,0.46
2021-10-11,津滨发展,1000897,2.05,2.06,2.03,2.04,-0.01,-0.49,"48,895",998,1.46,0.30
2021-10-08,津滨发展,1000897,2.02,2.05,2.02,2.05,0.03,1.49,"72,934","1,487",1.49,0.45
2021-03-31,津滨发展,1000897,2.24,2.30,2.22,2.28,0.04,1.79,"123,821","2,807",3.57,0.77
2021-03-30,津滨发展,1000897,2.26,2.27,2.22,2.24,-0.03,-1.32,"63,696","1,426",2.20,0.39
2021-03-29,津滨发展,1000897,2.26,2.28,2.25,2.27,0.01,0.44,"53,107","1,203",1.33,0.33
2021-03-26,津滨发展,1000897,2.23,2.27,2.22,2.26,0.02,0.89,"61,451","1,382",2.23,0.38
2021-03-25,津滨发展,1000897,2.27,2.28,2.23,2.24,-0.02,-0.89,"68,117","1,530",2.21,0.42
2021-03-24,津滨发展,1000897,2.29,2.30,2.26,2.26,-0.04,-1.74,"66,507","1,513",1.74,0.41
2021-03-23,津滨发展,1000897,2.30,2.32,2.29,2.30,0.00,0.00,"81,955","1,888",1.30,0.51
2021-03-22,津滨发展,1000897,2.29,2.30,2.26,2.30,0.01,0.44,"102,579","2,342",1.75,0.63
2021-03-19,津滨发展,1000897,2.28,2.31,2.27,2.29,0.00,0.00,"75,220","1,722",1.75,0.47
2021-03-18,津滨发展,1000897,2.30,2.32,2.27,2.29,-0.01,-0.43,"74,349","1,703",2.17,0.46
2021-03-17,津滨发展,1000897,2.30,2.33,2.29,2.30,0.00,0.00,"81,330","1,872",1.74,0.50
2021-03-16,津滨发展,1000897,2.27,2.32,2.26,2.30,0.04,1.77,"115,638","2,650",2.65,0.72
2021-03-15,津滨发展,1000897,2.25,2.29,2.24,2.26,0.01,0.44,"76,401","1,731",2.22,0.47
2021-03-12,津滨发展,1000897,2.22,2.27,2.20,2.25,0.03,1.35,"86,173","1,931",3.15,0.53
2021-03-11,津滨发展,1000897,2.19,2.22,2.18,2.22,0.03,1.37,"45,665","1,008",1.83,0.28
2021-03-10,津滨发展,1000897,2.23,2.24,2.19,2.19,-0.04,-1.79,"60,073","1,323",2.24,0.37
2021-03-09,津滨发展,1000897,2.27,2.28,2.16,2.23,-0.04,-1.76,"115,970","2,582",5.29,0.72
2021-03-08,津滨发展,1000897,2.30,2.31,2.27,2.27,-0.03,-1.30,"109,724","2,515",1.74,0.68
2021-03-05,津滨发展,1000897,2.30,2.31,2.28,2.30,0.01,0.44,"98,482","2,259",1.31,0.61
2021-03-04,津滨发展,1000897,2.30,2.33,2.29,2.29,-0.01,-0.43,"119,329","2,753",1.74,0.74
2021-03-03,津滨发展,1000897,2.30,2.32,2.28,2.30,0.00,0.00,"111,937","2,565",1.74,0.69
2021-03-02,津滨发展,1000897,2.32,2.35,2.29,2.30,0.00,0.00,"88,671","2,054",2.61,0.55
2021-03-01,津滨发展,1000897,2.29,2.31,2.27,2.30,0.00,0.00,"87,650","2,009",1.74,0.54
2021-02-26,津滨发展,1000897,2.32,2.35,2.29,2.30,-0.05,-2.13,"145,810","3,378",2.55,0.90
2021-02-25,津滨发展,1000897,2.29,2.44,2.29,2.35,0.06,2.62,"248,341","5,881",6.55,1.54
2021-02-24,津滨发展,1000897,2.29,2.33,2.28,2.29,0.01,0.44,"80,639","1,860",2.19,0.50
2021-02-23,津滨发展,1000897,2.31,2.33,2.28,2.28,-0.03,-1.30,"84,918","1,950",2.16,0.53
2021-02-22,津滨发展,1000897,2.26,2.37,2.26,2.31,0.04,1.76,"170,533","3,970",4.85,1.05
2021-02-19,津滨发展,1000897,2.21,2.28,2.19,2.27,0.08,3.65,"106,495","2,389",4.11,0.66
2021-02-18,津滨发展,1000897,2.13,2.22,2.13,2.19,0.06,2.82,"96,928","2,113",4.23,0.60
2021-02-10,津滨发展,1000897,2.14,2.14,2.11,2.13,0.00,0.00,"49,177","1,046",1.41,0.30
2021-02-09,津滨发展,1000897,2.10,2.14,2.08,2.13,0.03,1.43,"68,530","1,443",2.86,0.42
2021-02-08,津滨发展,1000897,2.10,2.12,2.08,2.10,0.00,0.00,"40,106",844,1.90,0.25
2021-02-05,津滨发展,1000897,2.09,2.12,2.08,2.10,0.01,0.48,"58,064","1,223",1.91,0.36
2021-02-04,津滨发展,1000897,2.16,2.16,2.09,2.09,-0.06,-2.79,"68,398","1,443",3.26,0.42
2021-02-03,津滨发展,1000897,2.15,2.17,2.12,2.15,0.00,0.00,"65,575","1,401",2.33,0.41
2021-02-02,津滨发展,1000897,2.17,2.18,2.13,2.15,-0.03,-1.38,"74,173","1,598",2.29,0.46
2021-02-01,津滨发展,1000897,2.20,2.20,2.16,2.18,-0.03,-1.36,"80,910","1,759",1.81,0.50
2021-01-29,津滨发展,1000897,2.26,2.27,2.18,2.21,-0.05,-2.21,"79,172","1,758",3.98,0.49
2021-01-28,津滨发展,1000897,2.27,2.29,2.23,2.26,-0.03,-1.31,"74,809","1,695",2.62,0.46
2021-01-27,津滨发展,1000897,2.28,2.30,2.26,2.29,0.01,0.44,"57,679","1,317",1.75,0.36
2021-01-26,津滨发展,1000897,2.28,2.32,2.26,2.28,0.00,0.00,"58,031","1,328",2.63,0.36
2021-01-25,津滨发展,1000897,2.30,2.31,2.26,2.28,-0.03,-1.30,"98,074","2,244",2.16,0.61
2021-01-22,津滨发展,1000897,2.37,2.37,2.31,2.31,-0.07,-2.94,"102,625","2,396",2.52,0.63
2021-01-21,津滨发展,1000897,2.37,2.42,2.36,2.38,0.00,0.00,"151,795","3,626",2.52,0.94
2021-01-20,津滨发展,1000897,2.43,2.43,2.36,2.38,-0.06,-2.46,"151,226","3,601",2.87,0.94
2021-01-19,津滨发展,1000897,2.35,2.48,2.33,2.44,0.08,3.39,"265,230","6,398",6.36,1.64
2021-01-18,津滨发展,1000897,2.36,2.39,2.33,2.36,0.00,0.00,"105,694","2,494",2.54,0.65
2021-01-15,津滨发展,1000897,2.34,2.38,2.33,2.36,0.01,0.43,"78,975","1,863",2.13,0.49
2021-01-14,津滨发展,1000897,2.30,2.38,2.29,2.35,0.04,1.73,"110,614","2,582",3.90,0.68
2021-01-13,津滨发展,1000897,2.30,2.36,2.25,2.31,0.00,0.00,"133,912","3,082",4.76,0.83
2021-01-12,津滨发展,1000897,2.29,2.32,2.25,2.31,0.00,0.00,"104,285","2,386",3.03,0.64
2021-01-11,津滨发展,1000897,2.31,2.41,2.27,2.31,-0.01,-0.43,"143,106","3,345",6.03,0.88
2021-01-08,津滨发展,1000897,2.34,2.34,2.25,2.32,-0.02,-0.85,"118,879","2,733",3.85,0.74
2021-01-07,津滨发展,1000897,2.41,2.41,2.31,2.34,-0.06,-2.50,"125,128","2,957",4.17,0.77
2021-01-06,津滨发展,1000897,2.40,2.42,2.37,2.40,-0.01,-0.41,"87,570","2,094",2.07,0.54
2021-01-05,津滨发展,1000897,2.45,2.46,2.37,2.41,-0.05,-2.03,"152,027","3,653",3.66,0.94
2021-01-04,津滨发展,1000897,2.47,2.48,2.45,2.46,-0.03,-1.20,"108,566","2,673",1.20,0.67
2021-09-30,津滨发展,1000897,2.01,2.04,1.99,2.02,0.02,1.00,"76,347","1,538",2.50,0.47
2021-09-29,津滨发展,1000897,2.00,2.05,1.98,2.00,-0.01,-0.50,"99,630","2,010",3.48,0.62
2021-09-28,津滨发展,1000897,1.98,2.02,1.98,2.01,0.03,1.52,"82,720","1,655",2.02,0.51
2021-09-27,津滨发展,1000897,2.05,2.06,1.97,1.98,-0.08,-3.88,"119,532","2,407",4.37,0.74
2021-09-24,津滨发展,1000897,2.11,2.12,2.06,2.06,-0.05,-2.37,"83,137","1,729",2.84,0.51
2021-09-23,津滨发展,1000897,2.07,2.14,2.07,2.11,0.04,1.93,"157,088","3,316",3.38,0.97
2021-09-22,津滨发展,1000897,2.04,2.08,2.01,2.07,0.01,0.49,"103,404","2,111",3.40,0.64
2021-09-17,津滨发展,1000897,2.09,2.09,2.04,2.06,-0.02,-0.96,"103,386","2,131",2.40,0.64
2021-09-16,津滨发展,1000897,2.09,2.13,2.08,2.08,-0.01,-0.48,"126,364","2,655",2.39,0.78
2021-09-15,津滨发展,1000897,2.06,2.10,2.05,2.09,0.02,0.97,"130,343","2,703",2.42,0.81
2021-09-14,津滨发展,1000897,2.12,2.14,2.06,2.07,-0.04,-1.90,"134,319","2,814",3.79,0.83
2021-09-13,津滨发展,1000897,2.08,2.12,2.07,2.11,0.03,1.44,"128,473","2,693",2.40,0.79
2021-09-10,津滨发展,1000897,2.12,2.13,2.08,2.08,-0.03,-1.42,"148,710","3,126",2.37,0.92
2021-09-09,津滨发展,1000897,2.12,2.13,2.10,2.11,0.00,0.00,"126,841","2,684",1.42,0.78
2021-09-08,津滨发展,1000897,2.07,2.12,2.06,2.11,0.04,1.93,"178,048","3,737",2.90,1.10
2021-09-07,津滨发展,1000897,2.08,2.08,2.05,2.07,-0.01,-0.48,"124,246","2,562",1.44,0.77
2021-09-06,津滨发展,1000897,2.02,2.08,2.01,2.08,0.06,2.97,"190,940","3,905",3.47,1.18
2021-09-03,津滨发展,1000897,2.00,2.03,1.99,2.02,0.01,0.50,"171,203","3,444",1.99,1.06
2021-09-02,津滨发展,1000897,1.97,2.01,1.97,2.01,0.03,1.52,"130,971","2,611",2.02,0.81
2021-09-01,津滨发展,1000897,1.95,1.98,1.94,1.98,0.03,1.54,"97,323","1,915",2.05,0.60
2021-08-31,津滨发展,1000897,1.96,1.97,1.94,1.95,-0.01,-0.51,"78,694","1,532",1.53,0.49
2021-08-30,津滨发展,1000897,1.95,1.97,1.94,1.96,0.00,0.00,"67,690","1,324",1.53,0.42
2021-08-27,津滨发展,1000897,1.98,1.98,1.95,1.96,-0.02,-1.01,"53,834","1,056",1.52,0.33
2021-08-26,津滨发展,1000897,1.97,2.00,1.95,1.98,0.01,0.51,"83,921","1,658",2.54,0.52
2021-08-25,津滨发展,1000897,1.95,1.98,1.93,1.97,0.03,1.55,"71,762","1,402",2.58,0.44
2021-08-24,津滨发展,1000897,1.96,1.97,1.94,1.94,-0.02,-1.02,"62,844","1,224",1.53,0.39
2021-08-23,津滨发展,1000897,1.93,1.96,1.93,1.96,0.03,1.55,"41,600",810,1.55,0.26
2021-08-20,津滨发展,1000897,1.95,1.96,1.91,1.93,-0.02,-1.03,"50,805",981,2.56,0.31
2021-08-19,津滨发展,1000897,1.96,1.98,1.95,1.95,-0.02,-1.02,"28,270",554,1.52,0.17
2021-08-18,津滨发展,1000897,1.96,1.97,1.95,1.97,0.01,0.51,"37,556",736,1.02,0.23
2021-08-17,津滨发展,1000897,2.00,2.00,1.95,1.96,-0.04,-2.00,"67,113","1,325",2.50,0.42
2021-08-16,津滨发展,1000897,2.00,2.02,1.98,2.00,0.00,0.00,"68,188","1,365",2.00,0.42
2021-08-13,津滨发展,1000897,1.99,2.01,1.97,2.00,0.02,1.01,"68,889","1,373",2.02,0.43
2021-08-12,津滨发展,1000897,1.99,2.00,1.97,1.98,-0.01,-0.50,"60,862","1,206",1.51,0.38
2021-08-11,津滨发展,1000897,1.97,2.03,1.97,1.99,0.02,1.02,"97,379","1,946",3.05,0.60
2021-08-10,津滨发展,1000897,1.96,1.98,1.95,1.97,0.01,0.51,"52,241","1,026",1.53,0.32
2021-08-09,津滨发展,1000897,1.93,1.98,1.92,1.96,0.04,2.08,"75,714","1,477",3.13,0.47
2021-08-06,津滨发展,1000897,1.96,1.96,1.92,1.92,-0.04,-2.04,"72,064","1,395",2.04,0.45
2021-08-05,津滨发展,1000897,1.95,1.98,1.94,1.96,0.01,0.51,"52,168","1,024",2.05,0.32
2021-08-04,津滨发展,1000897,1.96,1.97,1.93,1.95,-0.02,-1.02,"48,648",950,2.03,0.30
2021-08-03,津滨发展,1000897,1.94,2.01,1.94,1.97,0.02,1.03,"101,472","2,005",3.59,0.63
2021-08-02,津滨发展,1000897,1.90,1.96,1.87,1.95,0.05,2.63,"103,062","1,982",4.74,0.64
2021-07-30,津滨发展,1000897,1.88,1.90,1.87,1.90,0.01,0.53,"64,972","1,224",1.59,0.40
2021-07-29,津滨发展,1000897,1.90,1.91,1.89,1.89,0.01,0.53,"40,476",767,1.06,0.25
2021-07-28,津滨发展,1000897,1.93,1.93,1.87,1.88,-0.05,-2.59,"66,587","1,260",3.11,0.41
2021-07-27,津滨发展,1000897,1.92,1.93,1.90,1.93,0.00,0.00,"71,168","1,366",1.55,0.44
2021-07-26,津滨发展,1000897,1.98,1.99,1.92,1.93,-0.05,-2.53,"93,538","1,819",3.54,0.58
2021-07-23,津滨发展,1000897,1.99,2.00,1.97,1.98,-0.01,-0.50,"66,381","1,316",1.51,0.41
2021-07-22,津滨发展,1000897,2.00,2.01,1.99,1.99,-0.01,-0.50,"56,456","1,125",1.00,0.35
2021-07-21,津滨发展,1000897,1.99,2.01,1.99,2.00,0.01,0.50,"40,960",819,1.01,0.25
2021-07-20,津滨发展,1000897,2.02,2.02,1.98,1.99,-0.04,-1.97,"68,885","1,375",1.97,0.43
2021-07-19,津滨发展,1000897,2.03,2.04,2.02,2.03,0.00,0.00,"29,660",600,0.99,0.18
2021-07-16,津滨发展,1000897,2.03,2.04,2.03,2.03,0.00,0.00,"23,122",470,0.49,0.14
2021-07-15,津滨发展,1000897,2.03,2.04,2.02,2.03,-0.01,-0.49,"47,425",961,0.98,0.29
2021-07-14,津滨发展,1000897,2.06,2.06,2.03,2.04,-0.02,-0.97,"54,989","1,123",1.46,0.34
2021-07-13,津滨发展,1000897,2.06,2.07,2.05,2.06,-0.01,-0.48,"38,964",800,0.97,0.24
2021-07-12,津滨发展,1000897,2.05,2.07,2.05,2.07,0.02,0.98,"48,299",995,0.98,0.30
2021-07-09,津滨发展,1000897,2.04,2.05,2.02,2.05,0.00,0.00,"59,179","1,204",1.46,0.37
2021-07-08,津滨发展,1000897,2.07,2.07,2.03,2.05,-0.02,-0.97,"61,832","1,267",1.93,0.38
2021-07-07,津滨发展,1000897,2.07,2.08,2.06,2.07,-0.01,-0.48,"49,233","1,015",0.96,0.30
2021-07-06,津滨发展,1000897,2.06,2.09,2.06,2.08,0.01,0.48,"54,955","1,138",1.45,0.34
2021-07-05,津滨发展,1000897,2.08,2.09,2.05,2.07,-0.01,-0.48,"55,476","1,145",1.92,0.34
2021-07-02,津滨发展,1000897,2.10,2.10,2.07,2.08,-0.02,-0.95,"50,839","1,059",1.43,0.31
2021-07-01,津滨发展,1000897,2.10,2.12,2.09,2.10,0.00,0.00,"64,462","1,355",1.43,0.40
2022-08-16,津滨发展,1000897,2.33,2.39,2.33,2.37,0.03,1.28,"192,843","4,568",2.56,1.19
2022-08-15,津滨发展,1000897,2.34,2.37,2.33,2.34,-0.01,-0.43,"112,711","2,644",1.70,0.70
2022-08-12,津滨发展,1000897,2.34,2.37,2.33,2.35,0.01,0.43,"139,165","3,272",1.71,0.86
2022-08-11,津滨发展,1000897,2.32,2.35,2.31,2.34,0.03,1.30,"116,052","2,709",1.73,0.72
2022-08-10,津滨发展,1000897,2.31,2.33,2.30,2.31,-0.01,-0.43,"68,199","1,578",1.29,0.42
2022-08-09,津滨发展,1000897,2.32,2.34,2.29,2.32,-0.01,-0.43,"116,800","2,698",2.15,0.72
2022-08-08,津滨发展,1000897,2.30,2.39,2.29,2.33,0.04,1.75,"170,404","3,984",4.37,1.05
2022-08-05,津滨发展,1000897,2.26,2.30,2.23,2.29,0.03,1.33,"97,726","2,215",3.10,0.60
2022-08-04,津滨发展,1000897,2.25,2.26,2.23,2.26,0.02,0.89,"93,058","2,091",1.34,0.58
2022-08-03,津滨发展,1000897,2.27,2.32,2.22,2.24,-0.04,-1.75,"148,003","3,357",4.39,0.92
2022-08-02,津滨发展,1000897,2.37,2.37,2.24,2.28,-0.10,-4.20,"258,991","5,909",5.46,1.60
2022-08-01,津滨发展,1000897,2.39,2.40,2.36,2.38,-0.02,-0.83,"121,678","2,891",1.67,0.75
2022-07-29,津滨发展,1000897,2.45,2.46,2.39,2.40,-0.04,-1.64,"175,239","4,237",2.87,1.08
2022-07-28,津滨发展,1000897,2.42,2.47,2.41,2.44,0.01,0.41,"212,606","5,189",2.47,1.31
2022-07-27,津滨发展,1000897,2.47,2.48,2.42,2.43,-0.04,-1.62,"221,701","5,402",2.43,1.37
2022-07-26,津滨发展,1000897,2.37,2.48,2.36,2.47,0.10,4.22,"405,363","9,878",5.06,2.51
2022-07-25,津滨发展,1000897,2.35,2.41,2.34,2.37,0.03,1.28,"167,919","3,997",2.99,1.04
2022-07-22,津滨发展,1000897,2.35,2.37,2.32,2.34,-0.01,-0.43,"101,473","2,383",2.13,0.63
2022-07-21,津滨发展,1000897,2.36,2.38,2.34,2.35,-0.02,-0.84,"124,545","2,935",1.69,0.77
2022-07-20,津滨发展,1000897,2.39,2.40,2.36,2.37,-0.01,-0.42,"111,993","2,659",1.68,0.69
2022-07-19,津滨发展,1000897,2.39,2.41,2.36,2.38,-0.02,-0.83,"185,604","4,423",2.08,1.15
2022-07-18,津滨发展,1000897,2.31,2.44,2.30,2.40,0.08,3.45,"293,463","6,954",6.03,1.81
2022-07-15,津滨发展,1000897,2.40,2.42,2.31,2.32,-0.09,-3.73,"249,198","5,832",4.56,1.54
2022-07-14,津滨发展,1000897,2.43,2.44,2.40,2.41,-0.03,-1.23,"155,369","3,744",1.64,0.96
2022-07-13,津滨发展,1000897,2.41,2.47,2.40,2.44,0.03,1.24,"201,834","4,934",2.90,1.25
2022-07-12,津滨发展,1000897,2.41,2.43,2.40,2.41,-0.01,-0.41,"117,604","2,841",1.24,0.73
2022-07-11,津滨发展,1000897,2.44,2.44,2.40,2.42,-0.02,-0.82,"92,581","2,233",1.64,0.57
2022-07-08,津滨发展,1000897,2.43,2.45,2.42,2.44,0.00,0.00,"131,088","3,193",1.23,0.81
2022-07-07,津滨发展,1000897,2.42,2.44,2.41,2.44,0.03,1.24,"123,424","2,996",1.24,0.76
2022-07-06,津滨发展,1000897,2.48,2.50,2.39,2.41,-0.08,-3.21,"266,899","6,490",4.42,1.65
2022-07-05,津滨发展,1000897,2.51,2.52,2.48,2.49,-0.01,-0.40,"179,334","4,482",1.60,1.11
2022-07-04,津滨发展,1000897,2.52,2.53,2.49,2.50,-0.02,-0.79,"156,162","3,911",1.59,0.97
2022-07-01,津滨发展,1000897,2.54,2.55,2.51,2.52,-0.01,-0.40,"154,964","3,921",1.58,0.96
2022-03-31,津滨发展,1000897,3.85,3.97,3.41,3.49,-0.12,-3.32,"3,233,077","121,586",15.51,19.99
2022-03-30,津滨发展,1000897,3.27,3.61,3.26,3.61,0.33,10.06,"1,270,065","44,357",10.67,7.85
2022-03-29,津滨发展,1000897,3.30,3.39,3.20,3.28,-0.15,-4.37,"1,613,724","52,917",5.54,9.98
2022-03-28,津滨发展,1000897,3.17,3.56,3.12,3.43,0.16,4.89,"2,264,431","76,030",13.46,14.00
2022-03-25,津滨发展,1000897,2.98,3.38,2.92,3.27,0.20,6.51,"2,300,280","72,845",14.98,14.22
2022-03-24,津滨发展,1000897,3.13,3.36,3.05,3.07,-0.10,-3.15,"1,967,439","62,373",9.78,12.17
2022-03-23,津滨发展,1000897,2.88,3.17,2.84,3.17,0.29,10.07,"1,094,824","32,942",11.46,6.77
2022-03-22,津滨发展,1000897,2.77,2.93,2.74,2.88,0.06,2.13,"781,560","22,345",6.74,4.83
2022-03-21,津滨发展,1000897,2.70,2.85,2.69,2.82,0.15,5.62,"625,446","17,453",5.99,3.87
2022-03-18,津滨发展,1000897,2.55,2.70,2.51,2.67,0.11,4.30,"419,837","10,992",7.42,2.60
2022-03-17,津滨发展,1000897,2.53,2.65,2.51,2.56,0.10,4.07,"410,628","10,592",5.69,2.54
2022-03-16,津滨发展,1000897,2.41,2.48,2.33,2.46,0.10,4.24,"214,083","5,137",6.36,1.32
2022-03-15,津滨发展,1000897,2.50,2.55,2.35,2.36,-0.15,-5.98,"230,625","5,622",7.97,1.43
2022-03-14,津滨发展,1000897,2.58,2.62,2.50,2.51,-0.09,-3.46,"158,582","4,071",4.62,0.98
2022-03-11,津滨发展,1000897,2.62,2.62,2.51,2.60,-0.01,-0.38,"190,367","4,865",4.21,1.18
2022-03-10,津滨发展,1000897,2.60,2.63,2.57,2.61,0.06,2.35,"180,159","4,698",2.35,1.11
2022-03-09,津滨发展,1000897,2.62,2.63,2.45,2.55,-0.06,-2.30,"227,689","5,789",6.90,1.41
2022-03-08,津滨发展,1000897,2.68,2.70,2.60,2.61,-0.09,-3.33,"212,764","5,612",3.70,1.32
2022-03-07,津滨发展,1000897,2.70,2.75,2.68,2.70,-0.02,-0.74,"171,769","4,662",2.57,1.06
2022-03-04,津滨发展,1000897,2.78,2.78,2.70,2.72,-0.06,-2.16,"215,926","5,897",2.88,1.34
2022-03-03,津滨发展,1000897,2.77,2.81,2.75,2.78,0.02,0.72,"229,050","6,377",2.17,1.42
2022-03-02,津滨发展,1000897,2.73,2.77,2.72,2.76,0.02,0.73,"172,929","4,750",1.82,1.07
2022-03-01,津滨发展,1000897,2.68,2.74,2.68,2.74,0.04,1.48,"142,311","3,870",2.22,0.88
2022-02-28,津滨发展,1000897,2.76,2.76,2.68,2.70,-0.02,-0.74,"204,277","5,516",2.94,1.26
2022-02-25,津滨发展,1000897,2.70,2.77,2.69,2.72,0.03,1.12,"232,199","6,359",2.97,1.44
2022-02-24,津滨发展,1000897,2.81,2.84,2.66,2.69,-0.14,-4.95,"366,152","10,037",6.36,2.26
2022-02-23,津滨发展,1000897,2.84,2.86,2.80,2.83,-0.01,-0.35,"215,332","6,088",2.11,1.33
2022-02-22,津滨发展,1000897,2.91,2.92,2.81,2.84,-0.06,-2.07,"326,825","9,337",3.79,2.02
2022-02-21,津滨发展,1000897,2.88,2.91,2.84,2.90,0.01,0.35,"292,950","8,403",2.42,1.81
2022-02-18,津滨发展,1000897,2.80,2.91,2.78,2.89,0.07,2.48,"335,614","9,580",4.61,2.08
2022-02-17,津滨发展,1000897,2.88,2.88,2.81,2.82,-0.07,-2.42,"217,830","6,168",2.42,1.35
2022-02-16,津滨发展,1000897,2.82,2.89,2.81,2.89,0.08,2.85,"285,636","8,172",2.85,1.77
2022-02-15,津滨发展,1000897,2.87,2.87,2.79,2.81,-0.04,-1.40,"233,484","6,588",2.81,1.44
2022-02-14,津滨发展,1000897,2.87,2.91,2.82,2.85,-0.06,-2.06,"345,333","9,883",3.09,2.14
2022-02-11,津滨发展,1000897,2.99,3.04,2.89,2.91,0.00,0.00,"586,046","17,213",5.15,3.62
2022-02-10,津滨发展,1000897,2.91,2.93,2.86,2.91,-0.03,-1.02,"373,654","10,818",2.38,2.31
2022-02-09,津滨发展,1000897,2.83,2.95,2.81,2.94,0.11,3.89,"733,714","21,328",4.95,4.54
2022-02-08,津滨发展,1000897,2.64,2.88,2.62,2.83,0.20,7.60,"687,068","18,996",9.89,4.25
2022-02-07,津滨发展,1000897,2.67,2.69,2.59,2.63,0.01,0.38,"378,934","9,984",3.82,2.34
2022-01-28,津滨发展,1000897,2.60,2.66,2.54,2.62,0.05,1.95,"274,906","7,158",4.67,1.70
2022-01-27,津滨发展,1000897,2.68,2.69,2.57,2.57,-0.09,-3.38,"246,367","6,439",4.51,1.52
2022-01-26,津滨发展,1000897,2.63,2.70,2.62,2.66,0.05,1.92,"232,566","6,186",3.07,1.44
2022-01-25,津滨发展,1000897,2.72,2.77,2.61,2.61,-0.10,-3.69,"283,381","7,605",5.90,1.75
2022-01-24,津滨发展,1000897,2.75,2.77,2.66,2.71,0.01,0.37,"249,382","6,782",4.07,1.54
2022-01-21,津滨发展,1000897,2.73,2.78,2.68,2.70,-0.10,-3.57,"418,776","11,402",3.57,2.59
2022-01-20,津滨发展,1000897,2.83,3.06,2.80,2.80,0.01,0.36,"677,144","19,508",9.32,4.19
2022-01-19,津滨发展,1000897,2.76,2.85,2.76,2.79,0.01,0.36,"318,735","8,955",3.24,1.97
2022-01-18,津滨发展,1000897,2.83,2.85,2.76,2.78,-0.05,-1.77,"324,650","9,051",3.18,2.01
2022-01-17,津滨发展,1000897,2.86,2.90,2.76,2.83,-0.04,-1.39,"553,074","15,557",4.88,3.42
2022-01-14,津滨发展,1000897,3.04,3.04,2.86,2.87,-0.16,-5.28,"589,989","17,194",5.94,3.65
2022-01-13,津滨发展,1000897,2.91,3.11,2.89,3.03,0.12,4.12,"792,072","23,992",7.56,4.90
2022-01-12,津滨发展,1000897,2.90,2.93,2.85,2.91,0.01,0.34,"331,917","9,591",2.76,2.05
2022-01-11,津滨发展,1000897,2.89,2.98,2.88,2.90,-0.03,-1.02,"433,291","12,685",3.41,2.68
2022-01-10,津滨发展,1000897,2.95,2.95,2.85,2.93,-0.03,-1.01,"539,815","15,634",3.38,3.34
2022-01-07,津滨发展,1000897,2.87,3.06,2.85,2.96,0.09,3.14,"836,197","24,767",7.32,5.17
2022-01-06,津滨发展,1000897,2.81,2.95,2.77,2.87,0.03,1.06,"586,687","16,842",6.34,3.63
2022-01-05,津滨发展,1000897,2.80,2.85,2.73,2.84,0.04,1.43,"447,614","12,495",4.29,2.77
2022-01-04,津滨发展,1000897,2.70,2.82,2.68,2.80,0.08,2.94,"428,614","11,837",5.15,2.65
2022-06-30,津滨发展,1000897,2.56,2.57,2.52,2.53,-0.01,-0.39,"273,663","6,939",1.97,1.69
2022-06-29,津滨发展,1000897,2.52,2.57,2.51,2.54,0.02,0.79,"364,797","9,287",2.38,2.26
2022-06-28,津滨发展,1000897,2.50,2.52,2.50,2.52,0.01,0.40,"169,780","4,259",0.80,1.05
2022-06-27,津滨发展,1000897,2.52,2.53,2.50,2.51,0.00,0.00,"206,725","5,193",1.20,1.28
2022-06-24,津滨发展,1000897,2.54,2.54,2.50,2.51,-0.01,-0.40,"162,788","4,092",1.59,1.01
2022-06-23,津滨发展,1000897,2.50,2.53,2.49,2.52,0.02,0.80,"163,420","4,111",1.60,1.01
2022-06-22,津滨发展,1000897,2.54,2.55,2.49,2.50,-0.06,-2.34,"238,133","5,988",2.34,1.47
2022-06-21,津滨发展,1000897,2.53,2.61,2.52,2.56,0.03,1.19,"394,875","10,171",3.56,2.44
2022-06-20,津滨发展,1000897,2.52,2.55,2.49,2.53,0.03,1.20,"180,749","4,561",2.40,1.12
2022-06-17,津滨发展,1000897,2.53,2.54,2.47,2.50,-0.04,-1.57,"234,439","5,861",2.76,1.45
2022-06-16,津滨发展,1000897,2.55,2.58,2.53,2.54,-0.01,-0.39,"238,424","6,075",1.96,1.47
2022-06-15,津滨发展,1000897,2.54,2.59,2.53,2.55,0.01,0.39,"376,088","9,664",2.36,2.33
2022-06-14,津滨发展,1000897,2.49,2.54,2.46,2.54,0.04,1.60,"253,175","6,347",3.20,1.57
2022-06-13,津滨发展,1000897,2.54,2.55,2.48,2.50,-0.06,-2.34,"280,414","7,049",2.73,1.73
2022-06-10,津滨发展,1000897,2.54,2.57,2.52,2.56,0.01,0.39,"188,357","4,803",1.96,1.16
2022-06-09,津滨发展,1000897,2.57,2.61,2.55,2.55,-0.04,-1.54,"210,955","5,435",2.32,1.30
2022-06-08,津滨发展,1000897,2.63,2.63,2.56,2.59,-0.04,-1.52,"289,614","7,487",2.66,1.79
2022-06-07,津滨发展,1000897,2.59,2.63,2.56,2.63,0.04,1.54,"367,275","9,549",2.70,2.27
2022-06-06,津滨发展,1000897,2.55,2.60,2.50,2.59,0.02,0.78,"331,791","8,476",3.89,2.05
2022-06-02,津滨发展,1000897,2.58,2.61,2.55,2.57,0.00,0.00,"239,624","6,169",2.33,1.48
2022-06-01,津滨发展,1000897,2.59,2.61,2.55,2.57,-0.04,-1.53,"252,124","6,503",2.30,1.56
2022-05-31,津滨发展,1000897,2.58,2.61,2.54,2.61,0.03,1.16,"317,877","8,194",2.71,1.97
2022-05-30,津滨发展,1000897,2.63,2.63,2.56,2.58,-0.05,-1.90,"289,031","7,475",2.66,1.79
2022-05-27,津滨发展,1000897,2.63,2.65,2.60,2.63,0.01,0.38,"361,188","9,480",1.91,2.23
2022-05-26,津滨发展,1000897,2.63,2.67,2.60,2.62,-0.01,-0.38,"360,607","9,472",2.66,2.23
2022-05-25,津滨发展,1000897,2.59,2.64,2.56,2.63,0.02,0.77,"388,352","10,137",3.07,2.40
2022-05-24,津滨发展,1000897,2.76,2.76,2.60,2.61,-0.15,-5.43,"623,959","16,631",5.80,3.86
2022-05-23,津滨发展,1000897,2.77,2.80,2.71,2.76,0.00,0.00,"419,217","11,541",3.26,2.59
2022-05-20,津滨发展,1000897,2.78,2.82,2.73,2.76,-0.05,-1.78,"580,656","16,045",3.20,3.59
2022-05-19,津滨发展,1000897,2.68,2.84,2.65,2.81,0.08,2.93,"861,437","23,988",6.96,5.33
2022-05-18,津滨发展,1000897,2.75,2.78,2.69,2.73,-0.05,-1.80,"641,192","17,542",3.24,3.96
2022-05-17,津滨发展,1000897,2.81,2.85,2.69,2.78,-0.10,-3.47,"1,108,206","30,454",5.56,6.85
2022-05-16,津滨发展,1000897,2.77,2.96,2.71,2.88,0.19,7.06,"1,600,185","45,416",9.29,9.89
2022-05-13,津滨发展,1000897,2.57,2.73,2.56,2.69,0.10,3.86,"815,001","21,584",6.56,5.04
2022-05-12,津滨发展,1000897,2.60,2.67,2.54,2.59,-0.04,-1.52,"474,089","12,305",4.94,2.93
2022-05-11,津滨发展,1000897,2.69,2.74,2.62,2.63,-0.08,-2.95,"655,191","17,505",4.43,4.05
2022-05-10,津滨发展,1000897,2.61,2.71,2.55,2.71,0.04,1.50,"595,293","15,782",5.99,3.68
2022-05-09,津滨发展,1000897,2.56,2.68,2.53,2.67,0.11,4.30,"511,495","13,518",5.86,3.16
2022-05-06,津滨发展,1000897,2.63,2.66,2.55,2.56,-0.16,-5.88,"629,370","16,314",4.04,3.89
2022-05-05,津滨发展,1000897,2.72,2.77,2.64,2.72,0.03,1.12,"856,114","23,158",4.83,5.29
2022-04-29,津滨发展,1000897,2.69,2.78,2.60,2.69,0.15,5.91,"920,659","24,627",7.09,5.69
2022-04-28,津滨发展,1000897,2.52,2.59,2.46,2.54,0.02,0.79,"681,034","17,234",5.16,4.21
2022-04-27,津滨发展,1000897,2.45,2.54,2.40,2.52,0.02,0.80,"600,554","14,887",5.60,3.71
2022-04-26,津滨发展,1000897,2.53,2.62,2.47,2.50,0.02,0.81,"662,876","16,771",6.05,4.10
2022-04-25,津滨发展,1000897,2.69,2.70,2.47,2.48,-0.26,-9.49,"636,562","16,424",8.39,3.94
2022-04-22,津滨发展,1000897,2.73,2.80,2.70,2.74,-0.04,-1.44,"348,422","9,587",3.60,2.15
2022-04-21,津滨发展,1000897,2.91,2.93,2.70,2.78,-0.17,-5.76,"647,586","18,229",7.80,4.00
2022-04-20,津滨发展,1000897,3.06,3.09,2.90,2.95,-0.14,-4.53,"637,617","18,999",6.15,3.94
2022-04-19,津滨发展,1000897,3.10,3.12,3.00,3.09,0.05,1.64,"613,102","18,753",3.95,3.79
2022-04-18,津滨发展,1000897,3.12,3.22,3.03,3.04,-0.11,-3.49,"648,474","20,190",6.03,4.01
2022-04-15,津滨发展,1000897,3.25,3.27,3.11,3.15,-0.05,-1.56,"913,270","29,056",5.00,5.65
2022-04-14,津滨发展,1000897,3.02,3.30,3.02,3.20,0.16,5.26,"1,496,052","47,811",9.21,9.25
2022-04-13,津滨发展,1000897,3.21,3.24,3.04,3.04,-0.34,-10.06,"1,953,211","60,943",5.92,12.08
2022-04-12,津滨发展,1000897,3.21,3.54,3.12,3.38,0.16,4.97,"2,197,531","75,909",13.04,13.59
2022-04-11,津滨发展,1000897,3.33,3.33,3.17,3.22,-0.20,-5.85,"914,227","29,665",4.68,5.65
2022-04-08,津滨发展,1000897,3.19,3.47,3.19,3.42,0.14,4.27,"1,372,067","45,892",8.54,8.48
2022-04-07,津滨发展,1000897,3.38,3.49,3.27,3.28,-0.18,-5.20,"1,214,059","40,651",6.36,7.51
2022-04-06,津滨发展,1000897,3.40,3.54,3.34,3.46,0.15,4.53,"1,868,145","64,391",6.04,11.55
2022-04-01,津滨发展,1000897,3.34,3.46,3.14,3.31,-0.18,-5.16,"2,175,565","71,402",9.17,13.45
